type flag cell s[m]    l[m]  strg1  strg2  magid  beta_x[m] alpha_x gamma_x nu_x eta_x etap_x  beta_y[m] alpha_y gamma_y nu_y eta_y etap_y
"HALF2$END 0 1 0.00000 0. 0. 0. 0 1.55985 0.00000 0.64109 0.00000 -0.00690 0.00000 6.63360 0.00000 0.15075 0.00000 0. 0.
"DISP0OK"  0 1 0.00000 0. 0. 0. 0 1.55985 0.00000 0.64109 0.00000 -0.00690 0.00000 6.63360 0.00000 0.15075 0.00000 0. 0.
"MK1"      0 1 0.00000 0. 0. 0. 0 1.55985 0.00000 0.64109 0.00000 -0.00690 0.00000 6.63360 0.00000 0.15075 0.00000 0. 0.
"DOKREST"  0 1 0.00000 0. 0. 0. 0 1.55985 0.00000 0.64109 0.00000 -0.00690 0.00000 6.63360 0.00000 0.15075 0.00000 0. 0.
"DID10"    0 1 0.09170 0. 0. 0. 0 1.56524 0.05879 0.64109 0.00935 -0.00690 0.00000 6.63487 0.01382 0.15075 0.00220 0. 0.
"DID10"    0 1 0.19170 0. 0. 0. 0 1.58341 0.12290 0.64109 0.01946 -0.00690 0.00000 6.63914 0.02890 0.15075 0.00460 0. 0.
"DID10"    0 1 0.29170 0. 0. 0. 0 1.61440 0.18700 0.64109 0.02942 -0.00690 0.00000 6.64643 0.04397 0.15075 0.00699 0. 0.
"DID10"    0 1 0.39170 0. 0. 0. 0 1.65821 0.25111 0.64109 0.03916 -0.00690 0.00000 6.65673 0.05905 0.15075 0.00939 0. 0.
"DID10"    0 1 0.49170 0. 0. 0. 0 1.71485 0.31522 0.64109 0.04860 -0.00690 0.00000 6.67004 0.07412 0.15075 0.01178 0. 0.
"DID10"    0 1 0.59170 0. 0. 0. 0 1.78430 0.37933 0.64109 0.05770 -0.00690 0.00000 6.68638 0.08920 0.15075 0.01416 0. 0.
"DID10"    0 1 0.69170 0. 0. 0. 0 1.86658 0.44344 0.64109 0.06643 -0.00690 0.00000 6.70572 0.10427 0.15075 0.01654 0. 0.
"DID10"    0 1 0.79170 0. 0. 0. 0 1.96168 0.50755 0.64109 0.07475 -0.00690 0.00000 6.72809 0.11935 0.15075 0.01891 0. 0.
"DID10"    0 1 0.89170 0. 0. 0. 0 2.06960 0.57166 0.64109 0.08265 -0.00690 0.00000 6.75346 0.13442 0.15075 0.02127 0. 0.
"DID10"    0 1 0.99170 0. 0. 0. 0 2.19034 0.63577 0.64109 0.09013 -0.00690 0.00000 6.78185 0.14950 0.15075 0.02362 0. 0.
"DID10"    0 1 1.09170 0. 0. 0. 0 2.32391 0.69987 0.64109 0.09719 -0.00690 0.00000 6.81326 0.16457 0.15075 0.02596 0. 0.
"DID10"    0 1 1.19170 0. 0. 0. 0 2.47029 0.76398 0.64109 0.10383 -0.00690 0.00000 6.84768 0.17965 0.15075 0.02829 0. 0.
"DID10"    0 1 1.29170 0. 0. 0. 0 2.62950 0.82809 0.64109 0.11008 -0.00690 0.00000 6.88512 0.19472 0.15075 0.03061 0. 0.
"DID10"    0 1 1.39170 0. 0. 0. 0 2.80153 0.89220 0.64109 0.11594 -0.00690 0.00000 6.92557 0.20980 0.15075 0.03291 0. 0.
"DID10"    0 1 1.49170 0. 0. 0. 0 2.98638 0.95631 0.64109 0.12145 -0.00690 0.00000 6.96904 0.22487 0.15075 0.03520 0. 0.
"DID10"    0 1 1.59170 0. 0. 0. 0 3.18405 1.02042 0.64109 0.12661 -0.00690 0.00000 7.01552 0.23995 0.15075 0.03748 0. 0.
"DID10"    0 1 1.69170 0. 0. 0. 0 3.39454 1.08453 0.64109 0.13145 -0.00690 0.00000 7.06502 0.25502 0.15075 0.03974 0. 0.
"DID10"    0 1 1.79170 0. 0. 0. 0 3.61786 1.14863 0.64109 0.13599 -0.00690 0.00000 7.11753 0.27009 0.15075 0.04199 0. 0.
"DID10"    0 1 1.89170 0. 0. 0. 0 3.85400 1.21274 0.64109 0.14025 -0.00690 0.00000 7.17305 0.28517 0.15075 0.04421 0. 0.
"DID10"    0 1 1.99170 0. 0. 0. 0 4.10296 1.27685 0.64109 0.14426 -0.00690 0.00000 7.23160 0.30024 0.15075 0.04642 0. 0.
"DID10"    0 1 2.09170 0. 0. 0. 0 4.36474 1.34096 0.64109 0.14802 -0.00690 0.00000 7.29315 0.31532 0.15075 0.04861 0. 0.
"DID10"    0 1 2.19170 0. 0. 0. 0 4.63934 1.40507 0.64109 0.15156 -0.00690 0.00000 7.35772 0.33039 0.15075 0.05079 0. 0.
"DID10"    0 1 2.29170 0. 0. 0. 0 4.92677 1.46918 0.64109 0.15489 -0.00690 0.00000 7.42531 0.34547 0.15075 0.05294 0. 0.
"DID10"    0 1 2.39170 0. 0. 0. 0 5.22701 1.53329 0.64109 0.15802 -0.00690 0.00000 7.49591 0.36054 0.15075 0.05507 0. 0.
"DID10"    0 1 2.49170 0. 0. 0. 0 5.54008 1.59739 0.64109 0.16098 -0.00690 0.00000 7.56953 0.37562 0.15075 0.05719 0. 0.
"DID10"    0 1 2.59170 0. 0. 0. 0 5.86597 1.66150 0.64109 0.16377 -0.00690 0.00000 7.64616 0.39069 0.15075 0.05928 0. 0.
"DID10"    0 1 2.69170 0. 0. 0. 0 6.20468 1.72561 0.64109 0.16641 -0.00690 0.00000 7.72580 0.40577 0.15075 0.06135 0. 0.
"DID10"    0 1 2.79170 0. 0. 0. 0 6.55621 1.78972 0.64109 0.16891 -0.00690 0.00000 7.80846 0.42084 0.15075 0.06340 0. 0.
"DID10"    0 1 2.89170 0. 0. 0. 0 6.92057 1.85383 0.64109 0.17127 -0.00690 0.00000 7.89414 0.43592 0.15075 0.06543 0. 0.
"DID10"    0 1 2.99170 0. 0. 0. 0 7.29775 1.91794 0.64109 0.17351 -0.00690 0.00000 7.98283 0.45099 0.15075 0.06743 0. 0.
"DID10"    0 1 3.09170 0. 0. 0. 0 7.68774 1.98205 0.64109 0.17563 -0.00690 0.00000 8.07454 0.46607 0.15075 0.06941 0. 0.
"DID10"    0 1 3.19170 0. 0. 0. 0 8.09056 2.04615 0.64109 0.17765 -0.00690 0.00000 8.16926 0.48114 0.15075 0.07137 0. 0.
"DID10"    0 1 3.29170 0. 0. 0. 0 8.50621 2.11026 0.64109 0.17957 -0.00690 0.00000 8.26699 0.49622 0.15075 0.07331 0. 0.
"DID10"    0 1 3.39170 0. 0. 0. 0 8.93467 2.17437 0.64109 0.18139 -0.00690 0.00000 8.36774 0.51129 0.15075 0.07522 0. 0.
"DID10"    0 1 3.49170 0. 0. 0. 0 9.37595 2.23848 0.64109 0.18313 -0.00690 0.00000 8.47151 0.52637 0.15075 0.07711 0. 0.
"DID10"    0 1 3.59170 0. 0. 0. 0 9.83006 2.30259 0.64109 0.18479 -0.00690 0.00000 8.57829 0.54144 0.15075 0.07898 0. 0.
"DID10"    0 1 3.69170 0. 0. 0. 0 10.29699 2.36670 0.64109 0.18637 -0.00690 0.00000 8.68809 0.55652 0.15075 0.08082 0. 0.
"DID10"    0 1 3.79170 0. 0. 0. 0 10.77674 2.43081 0.64109 0.18788 -0.00690 0.00000 8.80090 0.57159 0.15075 0.08264 0. 0.
"DID10"    0 1 3.89170 0. 0. 0. 0 11.26931 2.49491 0.64109 0.18933 -0.00690 0.00000 8.91672 0.58666 0.15075 0.08444 0. 0.
"DID10"    0 1 3.99170 0. 0. 0. 0 11.77471 2.55902 0.64109 0.19071 -0.00690 0.00000 9.03556 0.60174 0.15075 0.08621 0. 0.
"DID10"    0 1 4.09170 0. 0. 0. 0 12.29292 2.62313 0.64109 0.19203 -0.00690 0.00000 9.15742 0.61681 0.15075 0.08796 0. 0.
"DID10"    0 1 4.19170 0. 0. 0. 0 12.82396 2.68724 0.64109 0.19330 -0.00690 0.00000 9.28229 0.63189 0.15075 0.08969 0. 0.
"DID10"    0 1 4.29170 0. 0. 0. 0 13.36782 2.75135 0.64109 0.19452 -0.00690 0.00000 9.41017 0.64696 0.15075 0.09139 0. 0.
"DID10"    0 1 4.39170 0. 0. 0. 0 13.92450 2.81546 0.64109 0.19568 -0.00690 0.00000 9.54107 0.66204 0.15075 0.09307 0. 0.
"DID10"    0 1 4.49170 0. 0. 0. 0 14.49400 2.87957 0.64109 0.19680 -0.00690 0.00000 9.67499 0.67711 0.15075 0.09473 0. 0.
"DID10"    0 1 4.59170 0. 0. 0. 0 15.07632 2.94367 0.64109 0.19788 -0.00690 0.00000 9.81192 0.69219 0.15075 0.09636 0. 0.
"DID10"    0 1 4.69170 0. 0. 0. 0 15.67147 3.00778 0.64109 0.19892 -0.00690 0.00000 9.95187 0.70726 0.15075 0.09797 0. 0.
"DID10"    0 1 4.79170 0. 0. 0. 0 16.27944 3.07189 0.64109 0.19991 -0.00690 0.00000 10.09483 0.72234 0.15075 0.09956 0. 0.
"DID10"    0 1 4.89170 0. 0. 0. 0 16.90023 3.13600 0.64109 0.20087 -0.00690 0.00000 10.24080 0.73741 0.15075 0.10113 0. 0.
"DID10"    0 1 4.99170 0. 0. 0. 0 17.53384 3.20011 0.64109 0.20180 -0.00690 0.00000 10.38979 0.75249 0.15075 0.10267 0. 0.
"DID10"    0 1 5.09170 0. 0. 0. 0 18.18027 3.26422 0.64109 0.20269 -0.00690 0.00000 10.54180 0.76756 0.15075 0.10419 0. 0.
"DID10"    0 1 5.19170 0. 0. 0. 0 18.83952 3.32833 0.64109 0.20355 -0.00690 0.00000 10.69682 0.78264 0.15075 0.10569 0. 0.
"DID10"    0 1 5.29170 0. 0. 0. 0 19.51160 3.39243 0.64109 0.20438 -0.00690 0.00000 10.85485 0.79771 0.15075 0.10717 0. 0.
"DID10"    0 1 5.39170 0. 0. 0. 0 20.19650 3.45654 0.64109 0.20518 -0.00690 0.00000 11.01590 0.81279 0.15075 0.10862 0. 0.
"DID10"    0 1 5.49170 0. 0. 0. 0 20.89422 3.52065 0.64109 0.20595 -0.00690 0.00000 11.17996 0.82786 0.15075 0.11006 0. 0.
"DID10"    0 1 5.59170 0. 0. 0. 0 21.60476 3.58476 0.64109 0.20670 -0.00690 0.00000 11.34704 0.84294 0.15075 0.11147 0. 0.
"DID10"    0 1 5.69170 0. 0. 0. 0 22.32812 3.64887 0.64109 0.20743 -0.00690 0.00000 11.51714 0.85801 0.15075 0.11286 0. 0.
"DID10"    0 1 5.79170 0. 0. 0. 0 23.06431 3.71298 0.64109 0.20813 -0.00690 0.00000 11.69025 0.87309 0.15075 0.11423 0. 0.
"DID10"    0 1 5.89170 0. 0. 0. 0 23.81331 3.77709 0.64109 0.20881 -0.00690 0.00000 11.86637 0.88816 0.15075 0.11558 0. 0.
"DID10"    0 1 5.99170 0. 0. 0. 0 24.57514 3.84120 0.64109 0.20947 -0.00690 0.00000 12.04551 0.90324 0.15075 0.11692 0. 0.
"DID10"    0 1 6.09170 0. 0. 0. 0 25.34979 3.90530 0.64109 0.21010 -0.00690 0.00000 12.22767 0.91831 0.15075 0.11823 0. 0.
"DID10"    0 1 6.19170 0. 0. 0. 0 26.13726 3.96941 0.64109 0.21072 -0.00690 0.00000 12.41284 0.93338 0.15075 0.11952 0. 0.
"DID10"    0 1 6.29170 0. 0. 0. 0 26.93756 4.03352 0.64109 0.21132 -0.00690 0.00000 12.60102 0.94846 0.15075 0.12079 0. 0.
"D282"     0 1 6.39170 0. 0. 0. 0 27.75067 4.09763 0.64109 0.21190 -0.00690 0.00000 12.79222 0.96353 0.15075 0.12204 0. 0.
"QA"       0 1 7.00350 0. 0. 0. 0 33.00449 4.48985 0.64109 0.21512 -0.00690 0.00000 14.02763 1.05576 0.15075 0.12932 0. 0.
"D272"     0 1 7.30790 0. 0. 0. 0 27.61354 -20.66569 15.50220 0.21666 -0.00604 -0.00555 18.69953 15.57719 13.02968 0.13244 0. 0.
"MON"      0 1 7.43625 0. 0. 0. 0 22.56404 -18.67598 15.50220 0.21748 -0.00533 -0.00555 22.91284 17.24955 13.02968 0.13342 0. 0.
"D271"     0 1 7.43625 0. 0. 0. 0 22.56404 -18.67598 15.50220 0.21748 -0.00533 -0.00555 22.91284 17.24955 13.02968 0.13342 0. 0.
"QB"       0 1 7.56460 0. 0. 0. 0 18.02530 -16.68627 15.50220 0.21849 -0.00462 -0.00555 27.55544 18.92191 13.02968 0.13424 0. 0.
"D26"      0 1 7.96680 0. 0. 0. 0 10.60612 -3.62206 1.33124 0.22336 -0.00300 -0.00270 34.05605 -4.45926 0.61325 0.13622 0. 0.
"STV"      0 1 8.08670 0. 0. 0. 0 9.75668 -3.46244 1.33124 0.22524 -0.00268 -0.00270 32.99553 -4.38573 0.61325 0.13679 0. 0.
"D25"      0 1 8.14670 0. 0. 0. 0 9.34598 -3.38257 1.33124 0.22624 -0.00251 -0.00270 32.47145 -4.34893 0.61325 0.13708 0. 0.
"STH"      0 1 8.27470 0. 0. 0. 0 8.50186 -3.21217 1.33124 0.22852 -0.00217 -0.00270 31.36817 -4.27043 0.61325 0.13772 0. 0.
"D24"      0 1 8.32570 0. 0. 0. 0 8.17768 -3.14428 1.33124 0.22950 -0.00203 -0.00270 30.93418 -4.23916 0.61325 0.13798 0. 0.
"SQ"       0 1 8.43470 0. 0. 0. 0 7.50804 -2.99917 1.33124 0.23171 -0.00174 -0.00270 30.01733 -4.17231 0.61325 0.13855 0. 0.
"D23"      0 1 8.50470 0. 0. 0. 0 7.09468 -2.90598 1.33124 0.23324 -0.00155 -0.00270 29.43621 -4.12939 0.61325 0.13892 0. 0.
"QC"       0 1 8.62350 0. 0. 0. 0 6.42301 -2.74783 1.33124 0.23604 -0.00123 -0.00270 28.46373 -4.05653 0.61325 0.13958 0. 0.
"D22"      0 1 8.92790 0. 0. 0. 0 4.77000 -2.64724 1.67880 0.24477 -0.00040 -0.00275 26.57725 -2.18101 0.21661 0.14134 0. 0.
"S1"       0 1 9.03370 0. 0. 0. 0 4.22863 -2.46962 1.67880 0.24852 -0.00011 -0.00275 26.11818 -2.15809 0.21661 0.14198 0. 0.
"D21"      0 1 9.13370 0. 0. 0. 0 3.75150 -2.30174 1.67880 0.25251 0.00017 -0.00275 25.68873 -2.13643 0.21661 0.14260 0. 0.
"BB"       0 1 9.61570 0. 0. 0. 0 1.92264 -1.49256 1.67880 0.28123 0.00149 -0.00275 23.67953 -2.03203 0.21661 0.14571 0. 0.
"BA"       0 1 10.57015 0. 0. 0. 0 0.65154 0.01737 1.53530 0.44005 0.14472 -0.29503 16.24859 -3.50301 0.81675 0.15346 0. 0.
"D11"      0 1 11.52460 0. 0. 0. 0 1.98515 1.52731 1.67880 0.59502 0.55644 -0.61426 10.30574 -3.70293 1.42752 0.16521 0. 0.
"SD"       0 1 11.99560 0. 0. 0. 0 3.79630 2.31802 1.67880 0.62246 0.84576 -0.61426 7.13426 -3.03057 1.42752 0.17395 0. 0.
"D12"      0 1 12.11360 0. 0. 0. 0 4.36673 2.51612 1.67880 0.62708 0.91824 -0.61426 6.43892 -2.86212 1.42752 0.17672 0. 0.
"Q3"       0 1 12.20832 0. 0. 0. 0 4.85846 2.67514 1.67880 0.63035 0.97643 -0.61426 5.90952 -2.72690 1.42752 0.17917 0. 0.
"D13"      0 1 12.42088 0. 0. 0. 0 5.86790 2.01600 0.86304 0.63665 1.08843 -0.43638 5.00554 -1.57761 0.69700 0.18543 0. 0.
"SF"       0 1 12.67760 0. 0. 0. 0 6.95988 2.23756 0.86304 0.64304 1.20046 -0.43638 4.24147 -1.39868 0.69700 0.19430 0. 0.
"D14"      0 1 12.79160 0. 0. 0. 0 7.48126 2.33595 0.86304 0.64556 1.25020 -0.43638 3.93163 -1.31922 0.69700 0.19874 0. 0.
"Q4"       0 1 12.88875 0. 0. 0. 0 7.94327 2.41979 0.86304 0.64756 1.29260 -0.43638 3.68189 -1.25151 0.69700 0.20281 0. 0.
"D18"      0 1 13.10045 0. 0. 0. 0 8.50918 0.20083 0.12226 0.65162 1.34635 -0.06892 3.38314 -0.18713 0.30593 0.21245 0. 0.
"STHB"     0 1 13.77460 0. 0. 0. 0 8.83552 0.28325 0.12226 0.66401 1.39281 -0.06892 3.26987 0.01911 0.30593 0.24494 0. 0.
"SI"       0 1 13.77460 0. 0. 0. 0 8.83552 0.28325 0.12226 0.66401 1.39281 -0.06892 3.26987 0.01911 0.30593 0.24494 0. 0.
"BI"       0 1 13.77460 0. 0. 0. 0 8.83552 0.28325 0.12226 0.66401 1.39281 -0.06892 3.26987 0.01911 0.30593 0.24494 0. 0.
"BII"      0 1 13.99805 0. 0. 0. 0 9.01160 0.31048 0.12167 0.66799 1.40380 0.00101 3.26180 0.01620 0.30666 0.25583 0. 0.
"D17"      0 1 14.22150 0. 0. 0. 0 9.11212 0.33771 0.12226 0.67191 1.39236 0.07094 3.28435 0.01297 0.30453 0.26671 0. 0.
"MON"      0 1 14.65050 0. 0. 0. 0 9.42438 0.39016 0.12226 0.67928 1.36193 0.07094 3.35152 0.14361 0.30453 0.28735 0. 0.
"D16"      0 1 14.65050 0. 0. 0. 0 9.42438 0.39016 0.12226 0.67928 1.36193 0.07094 3.35152 0.14361 0.30453 0.28735 0. 0.
"STV"      0 1 14.72050 0. 0. 0. 0 9.47960 0.39872 0.12226 0.68046 1.35696 0.07094 3.37312 0.16493 0.30453 0.29066 0. 0.
"D15"      0 1 14.78050 0. 0. 0. 0 9.52788 0.40605 0.12226 0.68147 1.35270 0.07094 3.39401 0.18320 0.30453 0.29348 0. 0.
"Q4"       0 1 14.89565 0. 0. 0. 0 9.62302 0.42013 0.12226 0.68338 1.34453 0.07094 3.44023 0.21826 0.30453 0.29885 0. 0.
"D14"      0 1 15.10735 0. 0. 0. 0 9.24578 -2.16702 0.61606 0.68692 1.29041 0.43784 3.75604 1.30250 0.71791 0.30832 0. 0.
"SF"       0 1 15.20450 0. 0. 0. 0 8.83056 -2.10717 0.61606 0.68863 1.24788 0.43784 4.01588 1.37225 0.71791 0.31230 0. 0.
"D13"      0 1 15.31850 0. 0. 0. 0 8.35813 -2.03694 0.61606 0.69074 1.19796 0.43784 4.33808 1.45409 0.71791 0.31665 0. 0.
"Q3"       0 1 15.57522 0. 0. 0. 0 7.35288 -1.87878 0.61606 0.69596 1.08556 0.43784 5.13199 1.63839 0.71791 0.32531 0. 0.
"D12"      0 1 15.78778 0. 0. 0. 0 6.33577 -2.84797 1.43801 0.70088 0.97330 0.61521 6.06807 2.81898 1.47438 0.33141 0. 0.
"SD"       0 1 15.88250 0. 0. 0. 0 5.80914 -2.71176 1.43801 0.70337 0.91503 0.61521 6.61534 2.95864 1.47438 0.33379 0. 0.
"D11"      0 1 16.00050 0. 0. 0. 0 5.18919 -2.54207 1.43801 0.70679 0.84243 0.61521 7.33411 3.13262 1.47438 0.33649 0. 0.
"BB"       0 1 16.47150 0. 0. 0. 0 3.11357 -1.86477 1.43801 0.72548 0.55267 0.61521 10.61211 3.82705 1.47438 0.34499 0. 0.
"BA"       0 1 17.42595 0. 0. 0. 0 1.00867 -0.57140 1.31509 0.81452 0.13988 0.29593 16.76003 3.62286 0.84279 0.35639 0. 0.
"D31"      0 1 18.38040 0. 0. 0. 0 1.05787 0.72197 1.43801 0.99666 -0.00399 0.00370 24.44347 2.10412 0.22204 0.36390 0. 0.
"Q2"       0 1 18.87807 0. 0. 0. 0 2.13264 1.43762 1.43801 1.05041 -0.00583 0.00370 26.59278 2.21462 0.22204 0.36700 0. 0.
"D32"      0 1 19.17473 0. 0. 0. 0 3.67867 4.10780 4.85883 1.06786 -0.00754 0.00802 22.91016 -13.81182 8.37036 0.36885 0. 0.
"S1"       0 1 19.28340 0. 0. 0. 0 4.62884 4.63581 4.85883 1.07205 -0.00841 0.00802 20.00714 -12.90221 8.37036 0.36966 0. 0.
"D33"      0 1 19.38340 0. 0. 0. 0 5.60459 5.12170 4.85883 1.07517 -0.00921 0.00802 17.51040 -12.06517 8.37036 0.37051 0. 0.
"Q1"       0 1 19.48735 0. 0. 0. 0 6.72195 5.62680 4.85883 1.07787 -0.01005 0.00802 15.09239 -11.19503 8.37036 0.37153 0. 0.
"D34"      0 1 19.79344 0. 0. 0. 0 8.57389 -0.06819 0.11718 1.08403 -0.01122 -0.00049 11.85752 -0.20518 0.08789 0.37532 0. 0.
"S2"       0 1 19.90040 0. 0. 0. 0 8.56064 -0.05566 0.11718 1.08602 -0.01117 -0.00049 11.81463 -0.19578 0.08789 0.37676 0. 0.
"STHX"     0 1 20.00040 0. 0. 0. 0 8.55068 -0.04394 0.11718 1.08788 -0.01112 -0.00049 11.77635 -0.18699 0.08789 0.37811 0. 0.
"D35"      0 1 20.00040 0. 0. 0. 0 8.55068 -0.04394 0.11718 1.08788 -0.01112 -0.00049 11.77635 -0.18699 0.08789 0.37811 0. 0.
"STV"      0 1 20.11740 0. 0. 0. 0 8.54201 -0.03023 0.11718 1.09006 -0.01106 -0.00049 11.73380 -0.17671 0.08789 0.37969 0. 0.
"D53"      0 1 20.17740 0. 0. 0. 0 8.53880 -0.02320 0.11718 1.09118 -0.01103 -0.00049 11.71291 -0.17144 0.08789 0.38050 0. 0.
"MON"      0 1 20.25990 0. 0. 0. 0 8.53577 -0.01353 0.11718 1.09272 -0.01099 -0.00049 11.68522 -0.16419 0.08789 0.38163 0. 0.
"D54"      0 1 20.25990 0. 0. 0. 0 8.53577 -0.01353 0.11718 1.09272 -0.01099 -0.00049 11.68522 -0.16419 0.08789 0.38163 0. 0.
"DINJH"    0 1 20.49040 0. 0. 0. 0 8.53576 0.01347 0.11718 1.09701 -0.01088 -0.00049 11.61420 -0.14393 0.08789 0.38478 0. 0.
"DISP0"    0 1 21.84040 0. 0. 0. 0 8.78569 0.17166 0.11718 1.12193 -0.01022 -0.00049 11.38576 -0.02529 0.08789 0.40350 0. 0.
"DINJH"    0 1 21.84040 0. 0. 0. 0 8.78569 0.17166 0.11718 1.12193 -0.01022 -0.00049 11.38576 -0.02529 0.08789 0.40350 0. 0.
"D52"      0 1 23.19040 0. 0. 0. 0 9.46273 0.32985 0.11718 1.14558 -0.00957 -0.00049 11.47766 0.09336 0.08789 0.42234 0. 0.
"MON"      0 1 23.42090 0. 0. 0. 0 9.62101 0.35686 0.11718 1.14942 -0.00945 -0.00049 11.52536 0.11362 0.08789 0.42553 0. 0.
"D51"      0 1 23.42090 0. 0. 0. 0 9.62101 0.35686 0.11718 1.14942 -0.00945 -0.00049 11.52536 0.11362 0.08789 0.42553 0. 0.
"STV"      0 1 23.50340 0. 0. 0. 0 9.68069 0.36652 0.11718 1.15078 -0.00941 -0.00049 11.54471 0.12087 0.08789 0.42667 0. 0.
"D35"      0 1 23.56340 0. 0. 0. 0 9.72509 0.37355 0.11718 1.15177 -0.00938 -0.00049 11.55953 0.12614 0.08789 0.42750 0. 0.
"STHX"     0 1 23.68040 0. 0. 0. 0 9.81411 0.38726 0.11718 1.15367 -0.00933 -0.00049 11.59025 0.13642 0.08789 0.42911 0. 0.
"S2"       0 1 23.68040 0. 0. 0. 0 9.81411 0.38726 0.11718 1.15367 -0.00933 -0.00049 11.59025 0.13642 0.08789 0.42911 0. 0.
"D34"      0 1 23.78040 0. 0. 0. 0 9.89274 0.39898 0.11718 1.15529 -0.00928 -0.00049 11.61841 0.14521 0.08789 0.43048 0. 0.
"Q1"       0 1 23.88735 0. 0. 0. 0 9.97942 0.41151 0.11718 1.15700 -0.00923 -0.00049 11.65048 0.15461 0.08789 0.43194 0. 0.
"D33"      0 1 24.19344 0. 0. 0. 0 7.99457 -6.36906 5.19914 1.16224 -0.00800 -0.00737 14.79543 10.92871 8.14013 0.43580 0. 0.
"S1"       0 1 24.29740 0. 0. 0. 0 6.72656 -5.82858 5.19914 1.16450 -0.00723 -0.00737 17.15559 11.77492 8.14013 0.43684 0. 0.
"D32"      0 1 24.39740 0. 0. 0. 0 5.61284 -5.30867 5.19914 1.16709 -0.00649 -0.00737 19.59197 12.58894 8.14013 0.43771 0. 0.
"Q2"       0 1 24.50607 0. 0. 0. 0 4.52045 -4.74368 5.19914 1.17052 -0.00569 -0.00737 22.42418 13.47352 8.14013 0.43853 0. 0.
"D31"      0 1 24.80273 0. 0. 0. 0 2.75300 -1.59593 1.28841 1.18436 -0.00400 -0.00425 26.00082 -2.21010 0.22632 0.44043 0. 0.
"BB"       0 1 25.30040 0. 0. 0. 0 1.48362 -0.95473 1.28841 1.22396 -0.00188 -0.00425 23.85707 -2.09747 0.22632 0.44361 0. 0.
"BA"       0 1 26.25485 0. 0. 0. 0 0.88404 0.20408 1.17828 1.37732 0.14260 -0.29646 16.29064 -3.56265 0.84051 0.45132 0. 0.
"D11"      0 1 27.20930 0. 0. 0. 0 2.21784 1.36290 1.28841 1.49453 0.55576 -0.61576 10.25559 -3.73513 1.45786 0.46308 0. 0.
"SD"       0 1 27.68030 0. 0. 0. 0 3.78751 1.96974 1.28841 1.52051 0.84578 -0.61576 7.06051 -3.04848 1.45786 0.47189 0. 0.
"D12"      0 1 27.79830 0. 0. 0. 0 4.27031 2.12177 1.28841 1.52518 0.91844 -0.61576 6.36137 -2.87645 1.45786 0.47469 0. 0.
"Q3"       0 1 27.89302 0. 0. 0. 0 4.68382 2.24381 1.28841 1.52855 0.97676 -0.61576 5.82953 -2.73836 1.45786 0.47717 0. 0.
"D13"      0 1 28.10558 0. 0. 0. 0 5.50321 1.56408 0.62624 1.53518 1.08908 -0.43779 4.91899 -1.59739 0.72203 0.48353 0. 0.
"SF"       0 1 28.36230 0. 0. 0. 0 6.34755 1.72485 0.62624 1.54209 1.20147 -0.43779 4.14641 -1.41203 0.72203 0.49258 0. 0.
"D14"      0 1 28.47630 0. 0. 0. 0 6.74896 1.79624 0.62624 1.54486 1.25137 -0.43779 3.83385 -1.32972 0.72203 0.49713 0. 0.
"Q4"       0 1 28.57345 0. 0. 0. 0 7.10386 1.85708 0.62624 1.54710 1.29390 -0.43779 3.58231 -1.25957 0.72203 0.50130 0. 0.
"D18"      0 1 28.78515 0. 0. 0. 0 7.47861 -0.12170 0.13570 1.55167 1.34791 -0.06993 3.27519 -0.21934 0.32001 0.51124 0. 0.
"STHB"     0 1 29.45930 0. 0. 0. 0 7.37619 -0.03022 0.13570 1.56614 1.39506 -0.06993 3.12489 -0.00360 0.32001 0.54503 0. 0.
"SI"       0 1 29.45930 0. 0. 0. 0 7.37619 -0.03022 0.13570 1.56614 1.39506 -0.06993 3.12489 -0.00360 0.32001 0.54503 0. 0.
"BI"       0 1 29.45930 0. 0. 0. 0 7.37619 -0.03022 0.13570 1.56614 1.39506 -0.06993 3.12489 -0.00360 0.32001 0.54503 0. 0.
"BII"      0 1 29.68275 0. 0. 0. 0 7.40550 0.00000 0.13503 1.57095 1.40628 -0.00000 3.10883 -0.00000 0.32166 0.55645 0. 0.
"D17"      0 1 29.90620 0. 0. 0. 0 7.37619 0.03022 0.13570 1.57576 1.39506 0.06993 3.12489 0.00360 0.32001 0.56787 0. 0.
"MON"      0 1 30.33520 0. 0. 0. 0 7.42710 0.08844 0.13570 1.58499 1.36506 0.06993 3.18688 0.14089 0.32001 0.58958 0. 0.
"D16"      0 1 30.33520 0. 0. 0. 0 7.42710 0.08844 0.13570 1.58499 1.36506 0.06993 3.18688 0.14089 0.32001 0.58958 0. 0.
"STV"      0 1 30.40520 0. 0. 0. 0 7.44014 0.09793 0.13570 1.58649 1.36016 0.06993 3.20818 0.16329 0.32001 0.59306 0. 0.
"D15"      0 1 30.46520 0. 0. 0. 0 7.45238 0.10608 0.13570 1.58777 1.35596 0.06993 3.22892 0.18249 0.32001 0.59603 0. 0.
"Q4"       0 1 30.58035 0. 0. 0. 0 7.47861 0.12170 0.13570 1.59022 1.34791 0.06993 3.27519 0.21934 0.32001 0.60167 0. 0.
"D14"      0 1 30.79205 0. 0. 0. 0 7.10386 -1.85708 0.62624 1.59480 1.29390 0.43779 3.58231 1.25957 0.72203 0.61161 0. 0.
"SF"       0 1 30.88920 0. 0. 0. 0 6.74896 -1.79624 0.62624 1.59703 1.25137 0.43779 3.83385 1.32972 0.72203 0.61578 0. 0.
"D13"      0 1 31.00320 0. 0. 0. 0 6.34755 -1.72485 0.62624 1.59981 1.20147 0.43779 4.14641 1.41203 0.72203 0.62033 0. 0.
"Q3"       0 1 31.25992 0. 0. 0. 0 5.50321 -1.56408 0.62624 1.60672 1.08908 0.43779 4.91899 1.59739 0.72203 0.62938 0. 0.
"D12"      0 1 31.47248 0. 0. 0. 0 4.68382 -2.24381 1.28841 1.61335 0.97677 0.61576 5.82953 2.73836 1.45786 0.63574 0. 0.
"SD"       0 1 31.56720 0. 0. 0. 0 4.27031 -2.12177 1.28841 1.61672 0.91844 0.61576 6.36137 2.87645 1.45786 0.63821 0. 0.
"D11"      0 1 31.68520 0. 0. 0. 0 3.78751 -1.96974 1.28841 1.62139 0.84578 0.61576 7.06051 3.04848 1.45786 0.64102 0. 0.
"BB"       0 1 32.15620 0. 0. 0. 0 2.21784 -1.36290 1.28841 1.64737 0.55576 0.61576 10.25559 3.73513 1.45786 0.64983 0. 0.
"BA"       0 1 33.11065 0. 0. 0. 0 0.88404 -0.20408 1.17828 1.76458 0.14260 0.29646 16.29064 3.56265 0.84051 0.66159 0. 0.
"D31"      0 1 34.06510 0. 0. 0. 0 1.48362 0.95473 1.28841 1.91794 -0.00188 0.00425 23.85707 2.09747 0.22632 0.66930 0. 0.
"Q2"       0 1 34.56277 0. 0. 0. 0 2.75300 1.59593 1.28841 1.95754 -0.00400 0.00425 26.00082 2.21010 0.22632 0.67248 0. 0.
"D32"      0 1 34.85943 0. 0. 0. 0 4.52045 4.74368 5.19914 1.97138 -0.00569 0.00737 22.42418 -13.47352 8.14013 0.67438 0. 0.
"S1"       0 1 34.96810 0. 0. 0. 0 5.61284 5.30867 5.19914 1.97481 -0.00649 0.00737 19.59197 -12.58894 8.14013 0.67520 0. 0.
"D33"      0 1 35.06810 0. 0. 0. 0 6.72656 5.82858 5.19914 1.97740 -0.00723 0.00737 17.15559 -11.77492 8.14013 0.67607 0. 0.
"Q1"       0 1 35.17206 0. 0. 0. 0 7.99457 6.36906 5.19914 1.97966 -0.00800 0.00737 14.79543 -10.92871 8.14013 0.67711 0. 0.
"D34"      0 1 35.47814 0. 0. 0. 0 9.97942 -0.41151 0.11718 1.98490 -0.00922 0.00049 11.65048 -0.15461 0.08789 0.68097 0. 0.
"S2"       0 1 35.58510 0. 0. 0. 0 9.89274 -0.39898 0.11718 1.98661 -0.00928 0.00049 11.61841 -0.14521 0.08789 0.68243 0. 0.
"STHX"     0 1 35.68510 0. 0. 0. 0 9.81411 -0.38726 0.11718 1.98822 -0.00933 0.00049 11.59025 -0.13642 0.08789 0.68380 0. 0.
"D35"      0 1 35.68510 0. 0. 0. 0 9.81411 -0.38726 0.11718 1.98822 -0.00933 0.00049 11.59025 -0.13642 0.08789 0.68380 0. 0.
"STV"      0 1 35.80210 0. 0. 0. 0 9.72509 -0.37355 0.11718 1.99013 -0.00938 0.00049 11.55953 -0.12614 0.08789 0.68541 0. 0.
"D43"      0 1 35.86210 0. 0. 0. 0 9.68069 -0.36652 0.11718 1.99111 -0.00941 0.00049 11.54471 -0.12087 0.08789 0.68624 0. 0.
"MON"      0 1 35.94460 0. 0. 0. 0 9.62101 -0.35686 0.11718 1.99247 -0.00945 0.00049 11.52536 -0.11362 0.08789 0.68738 0. 0.
"D44"      0 1 35.94460 0. 0. 0. 0 9.62101 -0.35686 0.11718 1.99247 -0.00945 0.00049 11.52536 -0.11362 0.08789 0.68738 0. 0.
"DRFH"     0 1 37.02310 0. 0. 0. 0 8.98756 -0.23048 0.11718 2.01098 -0.00998 0.00049 11.38252 -0.01883 0.08789 0.70239 0. 0.
"DISP0"    0 1 38.02310 0. 0. 0. 0 8.64377 -0.11331 0.11718 2.02907 -0.01047 0.00049 11.43274 0.06905 0.08789 0.71635 0. 0.
"CAV"      0 1 38.02310 0. 0. 0. 0 8.64377 -0.11331 0.11718 2.02907 -0.01047 0.00049 11.43274 0.06905 0.08789 0.71635 0. 0.
"DRFH"     0 1 38.02310 0. 0. 0. 0 8.64377 -0.11331 0.11718 2.02907 -0.01047 0.00049 11.43274 0.06905 0.08789 0.71635 0. 0.
"D42"      0 1 39.02310 0. 0. 0. 0 8.53433 0.00387 0.11718 2.04764 -0.01095 0.00049 11.65873 0.15694 0.08789 0.73016 0. 0.
"MON"      0 1 39.10560 0. 0. 0. 0 8.53577 0.01353 0.11718 2.04918 -0.01099 0.00049 11.68522 0.16419 0.08789 0.73128 0. 0.
"D41"      0 1 39.10560 0. 0. 0. 0 8.53577 0.01353 0.11718 2.04918 -0.01099 0.00049 11.68522 0.16419 0.08789 0.73128 0. 0.
"STV"      0 1 39.18810 0. 0. 0. 0 8.53880 0.02320 0.11718 2.05072 -0.01103 0.00049 11.71291 0.17144 0.08789 0.73240 0. 0.
"D35"      0 1 39.24810 0. 0. 0. 0 8.54201 0.03023 0.11718 2.05184 -0.01106 0.00049 11.73380 0.17671 0.08789 0.73322 0. 0.
"STHX"     0 1 39.36510 0. 0. 0. 0 8.55068 0.04394 0.11718 2.05402 -0.01112 0.00049 11.77635 0.18699 0.08789 0.73480 0. 0.
"S2"       0 1 39.36510 0. 0. 0. 0 8.55068 0.04394 0.11718 2.05402 -0.01112 0.00049 11.77635 0.18699 0.08789 0.73480 0. 0.
"D34"      0 1 39.46510 0. 0. 0. 0 8.56064 0.05566 0.11718 2.05588 -0.01117 0.00049 11.81463 0.19578 0.08789 0.73615 0. 0.
"Q1"       0 1 39.57205 0. 0. 0. 0 8.57389 0.06819 0.11718 2.05786 -0.01122 0.00049 11.85752 0.20518 0.08789 0.73759 0. 0.
"D33"      0 1 39.87814 0. 0. 0. 0 6.72195 -5.62680 4.85883 2.06403 -0.01005 -0.00802 15.09239 11.19503 8.37036 0.74138 0. 0.
"S1"       0 1 39.98210 0. 0. 0. 0 5.60459 -5.12170 4.85883 2.06673 -0.00921 -0.00802 17.51040 12.06517 8.37036 0.74240 0. 0.
"D32"      0 1 40.08210 0. 0. 0. 0 4.62884 -4.63581 4.85883 2.06985 -0.00841 -0.00802 20.00714 12.90221 8.37036 0.74325 0. 0.
"Q2"       0 1 40.19077 0. 0. 0. 0 3.67867 -4.10780 4.85883 2.07404 -0.00754 -0.00802 22.91016 13.81182 8.37036 0.74406 0. 0.
"D31"      0 1 40.48743 0. 0. 0. 0 2.13264 -1.43762 1.43801 2.09149 -0.00583 -0.00370 26.59278 -2.21462 0.22204 0.74591 0. 0.
"BB"       0 1 40.98510 0. 0. 0. 0 1.05787 -0.72197 1.43801 2.14524 -0.00399 -0.00370 24.44347 -2.10412 0.22204 0.74901 0. 0.
"BA"       0 1 41.93955 0. 0. 0. 0 1.00867 0.57140 1.31509 2.32738 0.13987 -0.29591 16.76003 -3.62286 0.84279 0.75652 0. 0.
"D11"      0 1 42.89400 0. 0. 0. 0 3.11357 1.86477 1.43801 2.41642 0.55262 -0.61516 10.61211 -3.82705 1.47438 0.76792 0. 0.
"SD"       0 1 43.36500 0. 0. 0. 0 5.18919 2.54207 1.43801 2.43511 0.84236 -0.61516 7.33411 -3.13262 1.47438 0.77642 0. 0.
"D12"      0 1 43.48300 0. 0. 0. 0 5.80914 2.71176 1.43801 2.43853 0.91495 -0.61516 6.61534 -2.95864 1.47438 0.77912 0. 0.
"Q3"       0 1 43.57772 0. 0. 0. 0 6.33577 2.84797 1.43801 2.44101 0.97322 -0.61516 6.06807 -2.81898 1.47438 0.78150 0. 0.
"D13"      0 1 43.79028 0. 0. 0. 0 7.35288 1.87878 0.61606 2.44594 1.08547 -0.43781 5.13199 -1.63839 0.71791 0.78760 0. 0.
"SF"       0 1 44.04700 0. 0. 0. 0 8.35813 2.03694 0.61606 2.45115 1.19786 -0.43781 4.33808 -1.45409 0.71791 0.79626 0. 0.
"D14"      0 1 44.16100 0. 0. 0. 0 8.83056 2.10717 0.61606 2.45327 1.24777 -0.43781 4.01588 -1.37225 0.71791 0.80061 0. 0.
"Q4"       0 1 44.25815 0. 0. 0. 0 9.24578 2.16702 0.61606 2.45498 1.29030 -0.43781 3.75604 -1.30250 0.71791 0.80459 0. 0.
"D18"      0 1 44.46985 0. 0. 0. 0 9.62302 -0.42013 0.12226 2.45852 1.34442 -0.07094 3.44023 -0.21826 0.30453 0.81406 0. 0.
"STHB"     0 1 45.14400 0. 0. 0. 0 9.11212 -0.33771 0.12226 2.46998 1.39224 -0.07094 3.28435 -0.01297 0.30453 0.84620 0. 0.
"SI"       0 1 45.14400 0. 0. 0. 0 9.11212 -0.33771 0.12226 2.46998 1.39224 -0.07094 3.28435 -0.01297 0.30453 0.84620 0. 0.
"BI"       0 1 45.14400 0. 0. 0. 0 9.11212 -0.33771 0.12226 2.46998 1.39224 -0.07094 3.28435 -0.01297 0.30453 0.84620 0. 0.
"BII"      0 1 45.36745 0. 0. 0. 0 9.01160 -0.31048 0.12167 2.47391 1.40368 -0.00101 3.26180 -0.01620 0.30666 0.85707 0. 0.
"D17"      0 1 45.59090 0. 0. 0. 0 8.83552 -0.28325 0.12226 2.47789 1.39269 0.06892 3.26987 -0.01911 0.30593 0.86797 0. 0.
"MON"      0 1 46.01990 0. 0. 0. 0 8.61499 -0.23080 0.12226 2.48572 1.36313 0.06892 3.30978 0.11213 0.30593 0.88879 0. 0.
"D16"      0 1 46.01990 0. 0. 0. 0 8.61499 -0.23080 0.12226 2.48572 1.36313 0.06892 3.30978 0.11213 0.30593 0.88879 0. 0.
"STV"      0 1 46.08990 0. 0. 0. 0 8.58328 -0.22224 0.12226 2.48701 1.35831 0.06892 3.32697 0.13355 0.30593 0.89214 0. 0.
"D15"      0 1 46.14990 0. 0. 0. 0 8.55705 -0.21490 0.12226 2.48813 1.35417 0.06892 3.34410 0.15190 0.30593 0.89501 0. 0.
"Q4"       0 1 46.26505 0. 0. 0. 0 8.50918 -0.20083 0.12226 2.49027 1.34623 0.06892 3.38314 0.18713 0.30593 0.90046 0. 0.
"D14"      0 1 46.47675 0. 0. 0. 0 7.94327 -2.41979 0.86304 2.49433 1.29249 0.43634 3.68189 1.25151 0.69700 0.91010 0. 0.
"SF"       0 1 46.57390 0. 0. 0. 0 7.48126 -2.33595 0.86304 2.49634 1.25010 0.43634 3.93163 1.31922 0.69700 0.91417 0. 0.
"D13"      0 1 46.68790 0. 0. 0. 0 6.95988 -2.23756 0.86304 2.49885 1.20036 0.43634 4.24147 1.39868 0.69700 0.91861 0. 0.
"Q3"       0 1 46.94462 0. 0. 0. 0 5.86790 -2.01600 0.86304 2.50525 1.08834 0.43634 5.00554 1.57761 0.69700 0.92748 0. 0.
"D12"      0 1 47.15718 0. 0. 0. 0 4.85846 -2.67514 1.67880 2.51155 0.97635 0.61421 5.90952 2.72690 1.42752 0.93374 0. 0.
"SD"       0 1 47.25190 0. 0. 0. 0 4.36673 -2.51612 1.67880 2.51482 0.91817 0.61421 6.43892 2.86212 1.42752 0.93619 0. 0.
"D11"      0 1 47.36990 0. 0. 0. 0 3.79630 -2.31802 1.67880 2.51943 0.84569 0.61421 7.13426 3.03057 1.42752 0.93896 0. 0.
"BB"       0 1 47.84090 0. 0. 0. 0 1.98515 -1.52731 1.67880 2.54688 0.55640 0.61421 10.30574 3.70293 1.42752 0.94770 0. 0.
"BA"       0 1 48.79535 0. 0. 0. 0 0.65154 -0.01737 1.53530 2.70185 0.14471 0.29500 16.24859 3.50301 0.81675 0.95945 0. 0.
"D21"      0 1 49.74980 0. 0. 0. 0 1.92264 1.49256 1.67880 2.86066 0.00149 0.00275 23.67953 2.03203 0.21661 0.96720 0. 0.
"S1"       0 1 50.23180 0. 0. 0. 0 3.75150 2.30174 1.67880 2.88938 0.00017 0.00275 25.68873 2.13643 0.21661 0.97031 0. 0.
"D22"      0 1 50.33180 0. 0. 0. 0 4.22863 2.46962 1.67880 2.89338 -0.00011 0.00275 26.11818 2.15809 0.21661 0.97093 0. 0.
"QC"       0 1 50.43760 0. 0. 0. 0 4.77000 2.64724 1.67880 2.89713 -0.00040 0.00275 26.57725 2.18101 0.21661 0.97156 0. 0.
"D23"      0 1 50.74200 0. 0. 0. 0 6.42301 2.74783 1.33124 2.90586 -0.00123 0.00270 28.46373 4.05653 0.61325 0.97333 0. 0.
"SQ"       0 1 50.86080 0. 0. 0. 0 7.09468 2.90598 1.33124 2.90866 -0.00155 0.00270 29.43621 4.12939 0.61325 0.97399 0. 0.
"D24"      0 1 50.93080 0. 0. 0. 0 7.50804 2.99917 1.33124 2.91019 -0.00174 0.00270 30.01733 4.17231 0.61325 0.97436 0. 0.
"STH"      0 1 51.03980 0. 0. 0. 0 8.17768 3.14428 1.33124 2.91240 -0.00203 0.00270 30.93418 4.23916 0.61325 0.97493 0. 0.
"D25"      0 1 51.09080 0. 0. 0. 0 8.50186 3.21217 1.33124 2.91337 -0.00217 0.00270 31.36817 4.27043 0.61325 0.97519 0. 0.
"STV"      0 1 51.21880 0. 0. 0. 0 9.34598 3.38257 1.33124 2.91566 -0.00251 0.00270 32.47145 4.34893 0.61325 0.97583 0. 0.
"D26"      0 1 51.27880 0. 0. 0. 0 9.75668 3.46244 1.33124 2.91666 -0.00268 0.00270 32.99553 4.38573 0.61325 0.97612 0. 0.
"QB"       0 1 51.39870 0. 0. 0. 0 10.60612 3.62206 1.33124 2.91853 -0.00300 0.00270 34.05605 4.45926 0.61325 0.97669 0. 0.
"D271"     0 1 51.80090 0. 0. 0. 0 18.02530 16.68627 15.50220 2.92341 -0.00462 0.00555 27.55544 -18.92191 13.02968 0.97867 0. 0.
"MON"      0 1 51.92925 0. 0. 0. 0 22.56404 18.67598 15.50220 2.92442 -0.00533 0.00555 22.91284 -17.24955 13.02968 0.97949 0. 0.
"D272"     0 1 51.92925 0. 0. 0. 0 22.56404 18.67598 15.50220 2.92442 -0.00533 0.00555 22.91284 -17.24955 13.02968 0.97949 0. 0.
"QA"       0 1 52.05760 0. 0. 0. 0 27.61354 20.66569 15.50220 2.92524 -0.00604 0.00555 18.69953 -15.57719 13.02968 0.98047 0. 0.
"D29"      0 1 52.36200 0. 0. 0. 0 33.00449 -4.48985 0.64109 2.92678 -0.00690 0.00000 14.02763 -1.05576 0.15075 0.98359 0. 0.
"DISPLU"   0 1 52.60230 0. 0. 0. 0 30.88369 -4.33579 0.64109 2.92797 -0.00690 0.00000 13.52893 -1.01954 0.15075 0.98637 0. 0.
"DIDREST"  0 1 52.60230 0. 0. 0. 0 30.88369 -4.33579 0.64109 2.92797 -0.00690 0.00000 13.52893 -1.01954 0.15075 0.98637 0. 0.
"DID10"    0 1 52.66550 0. 0. 0. 0 30.33820 -4.29528 0.64109 2.92830 -0.00690 0.00000 13.40066 -1.01001 0.15075 0.98712 0. 0.
"DID10"    0 1 52.76550 0. 0. 0. 0 29.48556 -4.23117 0.64109 2.92883 -0.00690 0.00000 13.20017 -0.99494 0.15075 0.98831 0. 0.
"DID10"    0 1 52.86550 0. 0. 0. 0 28.64574 -4.16706 0.64109 2.92938 -0.00690 0.00000 13.00269 -0.97986 0.15075 0.98953 0. 0.
"DID10"    0 1 52.96550 0. 0. 0. 0 27.81874 -4.10295 0.64109 2.92995 -0.00690 0.00000 12.80823 -0.96479 0.15075 0.99076 0. 0.
"DID10"    0 1 53.06550 0. 0. 0. 0 27.00456 -4.03884 0.64109 2.93053 -0.00690 0.00000 12.61678 -0.94971 0.15075 0.99201 0. 0.
"DID10"    0 1 53.16550 0. 0. 0. 0 26.20320 -3.97473 0.64109 2.93113 -0.00690 0.00000 12.42834 -0.93464 0.15075 0.99328 0. 0.
"DID10"    0 1 53.26550 0. 0. 0. 0 25.41466 -3.91062 0.64109 2.93174 -0.00690 0.00000 12.24292 -0.91956 0.15075 0.99457 0. 0.
"DID10"    0 1 53.36550 0. 0. 0. 0 24.63895 -3.84652 0.64109 2.93238 -0.00690 0.00000 12.06052 -0.90449 0.15075 0.99588 0. 0.
"DID10"    0 1 53.46550 0. 0. 0. 0 23.87606 -3.78241 0.64109 2.93303 -0.00690 0.00000 11.88113 -0.88941 0.15075 0.99721 0. 0.
"DID10"    0 1 53.56550 0. 0. 0. 0 23.12599 -3.71830 0.64109 2.93371 -0.00690 0.00000 11.70475 -0.87434 0.15075 0.99856 0. 0.
"DID10"    0 1 53.66550 0. 0. 0. 0 22.38874 -3.65419 0.64109 2.93441 -0.00690 0.00000 11.53139 -0.85926 0.15075 0.99993 0. 0.
"DID10"    0 1 53.76550 0. 0. 0. 0 21.66431 -3.59008 0.64109 2.93513 -0.00690 0.00000 11.36105 -0.84419 0.15075 1.00132 0. 0.
"DID10"    0 1 53.86550 0. 0. 0. 0 20.95270 -3.52597 0.64109 2.93588 -0.00690 0.00000 11.19372 -0.82911 0.15075 1.00274 0. 0.
"DID10"    0 1 53.96550 0. 0. 0. 0 20.25392 -3.46186 0.64109 2.93665 -0.00690 0.00000 11.02940 -0.81404 0.15075 1.00417 0. 0.
"DID10"    0 1 54.06550 0. 0. 0. 0 19.56796 -3.39776 0.64109 2.93745 -0.00690 0.00000 10.86810 -0.79896 0.15075 1.00562 0. 0.
"DID10"    0 1 54.16550 0. 0. 0. 0 18.89482 -3.33365 0.64109 2.93828 -0.00690 0.00000 10.70982 -0.78389 0.15075 1.00710 0. 0.
"DID10"    0 1 54.26550 0. 0. 0. 0 18.23450 -3.26954 0.64109 2.93914 -0.00690 0.00000 10.55455 -0.76881 0.15075 1.00859 0. 0.
"DID10"    0 1 54.36550 0. 0. 0. 0 17.58700 -3.20543 0.64109 2.94003 -0.00690 0.00000 10.40229 -0.75374 0.15075 1.01011 0. 0.
"DID10"    0 1 54.46550 0. 0. 0. 0 16.95233 -3.14132 0.64109 2.94095 -0.00690 0.00000 10.25305 -0.73866 0.15075 1.01165 0. 0.
"DID10"    0 1 54.56550 0. 0. 0. 0 16.33047 -3.07721 0.64109 2.94190 -0.00690 0.00000 10.10683 -0.72359 0.15075 1.01322 0. 0.
"DID10"    0 1 54.66550 0. 0. 0. 0 15.72144 -3.01310 0.64109 2.94290 -0.00690 0.00000 9.96362 -0.70851 0.15075 1.01480 0. 0.
"DID10"    0 1 54.76550 0. 0. 0. 0 15.12523 -2.94900 0.64109 2.94393 -0.00690 0.00000 9.82342 -0.69344 0.15075 1.01641 0. 0.
"DID10"    0 1 54.86550 0. 0. 0. 0 14.54184 -2.88489 0.64109 2.94500 -0.00690 0.00000 9.68624 -0.67836 0.15075 1.01804 0. 0.
"DID10"    0 1 54.96550 0. 0. 0. 0 13.97128 -2.82078 0.64109 2.94612 -0.00690 0.00000 9.55207 -0.66329 0.15075 1.01970 0. 0.
"DID10"    0 1 55.06550 0. 0. 0. 0 13.41353 -2.75667 0.64109 2.94728 -0.00690 0.00000 9.42092 -0.64822 0.15075 1.02138 0. 0.
"DID10"    0 1 55.16550 0. 0. 0. 0 12.86861 -2.69256 0.64109 2.94849 -0.00690 0.00000 9.29279 -0.63314 0.15075 1.02308 0. 0.
"DID10"    0 1 55.26550 0. 0. 0. 0 12.33651 -2.62845 0.64109 2.94976 -0.00690 0.00000 9.16767 -0.61807 0.15075 1.02480 0. 0.
"DID10"    0 1 55.36550 0. 0. 0. 0 11.81723 -2.56434 0.64109 2.95108 -0.00690 0.00000 9.04556 -0.60299 0.15075 1.02655 0. 0.
"DID10"    0 1 55.46550 0. 0. 0. 0 11.31077 -2.50024 0.64109 2.95245 -0.00690 0.00000 8.92647 -0.58792 0.15075 1.02832 0. 0.
"DID10"    0 1 55.56550 0. 0. 0. 0 10.81714 -2.43613 0.64109 2.95389 -0.00690 0.00000 8.81040 -0.57284 0.15075 1.03012 0. 0.
"DID10"    0 1 55.66550 0. 0. 0. 0 10.33632 -2.37202 0.64109 2.95540 -0.00690 0.00000 8.69734 -0.55777 0.15075 1.03193 0. 0.
"DID10"    0 1 55.76550 0. 0. 0. 0 9.86833 -2.30791 0.64109 2.95697 -0.00690 0.00000 8.58729 -0.54269 0.15075 1.03378 0. 0.
"DID10"    0 1 55.86550 0. 0. 0. 0 9.41316 -2.24380 0.64109 2.95862 -0.00690 0.00000 8.48026 -0.52762 0.15075 1.03564 0. 0.
"DID10"    0 1 55.96550 0. 0. 0. 0 8.97081 -2.17969 0.64109 2.96036 -0.00690 0.00000 8.37624 -0.51254 0.15075 1.03753 0. 0.
"DID10"    0 1 56.06550 0. 0. 0. 0 8.54128 -2.11558 0.64109 2.96217 -0.00690 0.00000 8.27524 -0.49747 0.15075 1.03944 0. 0.
"DID10"    0 1 56.16550 0. 0. 0. 0 8.12457 -2.05148 0.64109 2.96408 -0.00690 0.00000 8.17726 -0.48239 0.15075 1.04138 0. 0.
"DID10"    0 1 56.26550 0. 0. 0. 0 7.72069 -1.98737 0.64109 2.96609 -0.00690 0.00000 8.08228 -0.46732 0.15075 1.04333 0. 0.
"DID10"    0 1 56.36550 0. 0. 0. 0 7.32963 -1.92326 0.64109 2.96821 -0.00690 0.00000 7.99033 -0.45224 0.15075 1.04531 0. 0.
"DID10"    0 1 56.46550 0. 0. 0. 0 6.95139 -1.85915 0.64109 2.97044 -0.00690 0.00000 7.90139 -0.43717 0.15075 1.04732 0. 0.
"DID10"    0 1 56.56550 0. 0. 0. 0 6.58597 -1.79504 0.64109 2.97279 -0.00690 0.00000 7.81546 -0.42209 0.15075 1.04934 0. 0.
"DID10"    0 1 56.66550 0. 0. 0. 0 6.23337 -1.73093 0.64109 2.97528 -0.00690 0.00000 7.73255 -0.40702 0.15075 1.05139 0. 0.
"DID10"    0 1 56.76550 0. 0. 0. 0 5.89359 -1.66682 0.64109 2.97790 -0.00690 0.00000 7.65265 -0.39194 0.15075 1.05346 0. 0.
"DID10"    0 1 56.86550 0. 0. 0. 0 5.56664 -1.60272 0.64109 2.98068 -0.00690 0.00000 7.57577 -0.37687 0.15075 1.05555 0. 0.
"DID10"    0 1 56.96550 0. 0. 0. 0 5.25251 -1.53861 0.64109 2.98362 -0.00690 0.00000 7.50191 -0.36179 0.15075 1.05766 0. 0.
"DID10"    0 1 57.06550 0. 0. 0. 0 4.95120 -1.47450 0.64109 2.98674 -0.00690 0.00000 7.43105 -0.34672 0.15075 1.05979 0. 0.
"DID10"    0 1 57.16550 0. 0. 0. 0 4.66271 -1.41039 0.64109 2.99006 -0.00690 0.00000 7.36322 -0.33165 0.15075 1.06194 0. 0.
"DID10"    0 1 57.26550 0. 0. 0. 0 4.38704 -1.34628 0.64109 2.99358 -0.00690 0.00000 7.29840 -0.31657 0.15075 1.06411 0. 0.
"DID10"    0 1 57.36550 0. 0. 0. 0 4.12420 -1.28217 0.64109 2.99732 -0.00690 0.00000 7.23659 -0.30150 0.15075 1.06630 0. 0.
"DID10"    0 1 57.46550 0. 0. 0. 0 3.87417 -1.21806 0.64109 3.00130 -0.00690 0.00000 7.17780 -0.28642 0.15075 1.06851 0. 0.
"DID10"    0 1 57.56550 0. 0. 0. 0 3.63697 -1.15395 0.64109 3.00554 -0.00690 0.00000 7.12202 -0.27135 0.15075 1.07074 0. 0.
"DID10"    0 1 57.66550 0. 0. 0. 0 3.41259 -1.08985 0.64109 3.01006 -0.00690 0.00000 7.06926 -0.25627 0.15075 1.07298 0. 0.
"DID10"    0 1 57.76550 0. 0. 0. 0 3.20103 -1.02574 0.64109 3.01488 -0.00690 0.00000 7.01951 -0.24120 0.15075 1.07524 0. 0.
"DID10"    0 1 57.86550 0. 0. 0. 0 3.00230 -0.96163 0.64109 3.02001 -0.00690 0.00000 6.97278 -0.22612 0.15075 1.07752 0. 0.
"DID10"    0 1 57.96550 0. 0. 0. 0 2.81638 -0.89752 0.64109 3.02548 -0.00690 0.00000 6.92906 -0.21105 0.15075 1.07981 0. 0.
"DID10"    0 1 58.06550 0. 0. 0. 0 2.64329 -0.83341 0.64109 3.03132 -0.00690 0.00000 6.88836 -0.19597 0.15075 1.08211 0. 0.
"DID10"    0 1 58.16550 0. 0. 0. 0 2.48302 -0.76930 0.64109 3.03753 -0.00690 0.00000 6.85068 -0.18090 0.15075 1.08443 0. 0.
"DID10"    0 1 58.26550 0. 0. 0. 0 2.33557 -0.70519 0.64109 3.04414 -0.00690 0.00000 6.81600 -0.16582 0.15075 1.08676 0. 0.
"DID10"    0 1 58.36550 0. 0. 0. 0 2.20094 -0.64109 0.64109 3.05117 -0.00690 0.00000 6.78435 -0.15075 0.15075 1.08910 0. 0.
"DID10"    0 1 58.46550 0. 0. 0. 0 2.07913 -0.57698 0.64109 3.05861 -0.00690 0.00000 6.75570 -0.13567 0.15075 1.09145 0. 0.
"DID10"    0 1 58.56550 0. 0. 0. 0 1.97015 -0.51287 0.64109 3.06648 -0.00690 0.00000 6.73008 -0.12060 0.15075 1.09381 0. 0.
"DID10"    0 1 58.66550 0. 0. 0. 0 1.87399 -0.44876 0.64109 3.07476 -0.00690 0.00000 6.70747 -0.10552 0.15075 1.09618 0. 0.
"DID10"    0 1 58.76550 0. 0. 0. 0 1.79064 -0.38465 0.64109 3.08345 -0.00690 0.00000 6.68787 -0.09045 0.15075 1.09855 0. 0.
"DID10"    0 1 58.86550 0. 0. 0. 0 1.72012 -0.32054 0.64109 3.09253 -0.00690 0.00000 6.67129 -0.07537 0.15075 1.10094 0. 0.
"DID10"    0 1 58.96550 0. 0. 0. 0 1.66243 -0.25643 0.64109 3.10195 -0.00690 0.00000 6.65772 -0.06030 0.15075 1.10332 0. 0.
"DID10"    0 1 59.06550 0. 0. 0. 0 1.61755 -0.19233 0.64109 3.11166 -0.00690 0.00000 6.64717 -0.04522 0.15075 1.10572 0. 0.
"DID10"    0 1 59.16550 0. 0. 0. 0 1.58550 -0.12822 0.64109 3.12160 -0.00690 0.00000 6.63963 -0.03015 0.15075 1.10811 0. 0.
"DID10"    0 1 59.26550 0. 0. 0. 0 1.56626 -0.06411 0.64109 3.13171 -0.00690 0.00000 6.63511 -0.01507 0.15075 1.11051 0. 0.
"HALF2$STA 0 1 59.36550 0. 0. 0. 0 1.55985 -0.00000 0.64109 3.14190 -0.00690 0.00000 6.63360 -0.00000 0.15075 1.11291 0. 0.
"DID10"    0 1 59.46550 0. 0. 0. 0 1.56626 -0.06411 0.64109 3.15209 -0.00690 0.00000 6.63511 -0.01507 0.15075 1.11531 0. 0.
"DID10"    0 1 59.56550 0. 0. 0. 0 1.58550 -0.12822 0.64109 3.16219 -0.00690 0.00000 6.63963 -0.03015 0.15075 1.11771 0. 0.
"DID10"    0 1 59.66550 0. 0. 0. 0 1.61755 -0.19233 0.64109 3.17214 -0.00690 0.00000 6.64717 -0.04522 0.15075 1.12010 0. 0.
"DID10"    0 1 59.76550 0. 0. 0. 0 1.66243 -0.25643 0.64109 3.18185 -0.00690 0.00000 6.65772 -0.06030 0.15075 1.12249 0. 0.
"DID10"    0 1 59.86550 0. 0. 0. 0 1.72012 -0.32054 0.64109 3.19127 -0.00690 0.00000 6.67129 -0.07537 0.15075 1.12488 0. 0.
"DID10"    0 1 59.96550 0. 0. 0. 0 1.79064 -0.38465 0.64109 3.20034 -0.00690 0.00000 6.68787 -0.09045 0.15075 1.12727 0. 0.
"DID10"    0 1 60.06550 0. 0. 0. 0 1.87399 -0.44876 0.64109 3.20903 -0.00690 0.00000 6.70747 -0.10552 0.15075 1.12964 0. 0.
"DID10"    0 1 60.16550 0. 0. 0. 0 1.97015 -0.51287 0.64109 3.21732 -0.00690 0.00000 6.73008 -0.12060 0.15075 1.13201 0. 0.
"DID10"    0 1 60.26550 0. 0. 0. 0 2.07913 -0.57698 0.64109 3.22519 -0.00690 0.00000 6.75570 -0.13567 0.15075 1.13437 0. 0.
"DID10"    0 1 60.36550 0. 0. 0. 0 2.20094 -0.64109 0.64109 3.23263 -0.00690 0.00000 6.78435 -0.15075 0.15075 1.13672 0. 0.
"DID10"    0 1 60.46550 0. 0. 0. 0 2.33557 -0.70519 0.64109 3.23965 -0.00690 0.00000 6.81600 -0.16582 0.15075 1.13906 0. 0.
"DID10"    0 1 60.56550 0. 0. 0. 0 2.48302 -0.76930 0.64109 3.24626 -0.00690 0.00000 6.85068 -0.18090 0.15075 1.14139 0. 0.
"DID10"    0 1 60.66550 0. 0. 0. 0 2.64329 -0.83341 0.64109 3.25248 -0.00690 0.00000 6.88836 -0.19597 0.15075 1.14371 0. 0.
"DID10"    0 1 60.76550 0. 0. 0. 0 2.81638 -0.89752 0.64109 3.25831 -0.00690 0.00000 6.92906 -0.21105 0.15075 1.14601 0. 0.
"DID10"    0 1 60.86550 0. 0. 0. 0 3.00230 -0.96163 0.64109 3.26378 -0.00690 0.00000 6.97278 -0.22612 0.15075 1.14830 0. 0.
"DID10"    0 1 60.96550 0. 0. 0. 0 3.20103 -1.02574 0.64109 3.26892 -0.00690 0.00000 7.01951 -0.24120 0.15075 1.15058 0. 0.
"DID10"    0 1 61.06550 0. 0. 0. 0 3.41259 -1.08985 0.64109 3.27374 -0.00690 0.00000 7.06926 -0.25627 0.15075 1.15284 0. 0.
"DID10"    0 1 61.16550 0. 0. 0. 0 3.63697 -1.15395 0.64109 3.27825 -0.00690 0.00000 7.12202 -0.27135 0.15075 1.15508 0. 0.
"DID10"    0 1 61.26550 0. 0. 0. 0 3.87417 -1.21806 0.64109 3.28249 -0.00690 0.00000 7.17780 -0.28642 0.15075 1.15731 0. 0.
"DID10"    0 1 61.36550 0. 0. 0. 0 4.12420 -1.28217 0.64109 3.28648 -0.00690 0.00000 7.23659 -0.30150 0.15075 1.15951 0. 0.
"DID10"    0 1 61.46550 0. 0. 0. 0 4.38704 -1.34628 0.64109 3.29022 -0.00690 0.00000 7.29840 -0.31657 0.15075 1.16170 0. 0.
"DID10"    0 1 61.56550 0. 0. 0. 0 4.66271 -1.41039 0.64109 3.29374 -0.00690 0.00000 7.36322 -0.33165 0.15075 1.16388 0. 0.
"DID10"    0 1 61.66550 0. 0. 0. 0 4.95120 -1.47450 0.64109 3.29705 -0.00690 0.00000 7.43105 -0.34672 0.15075 1.16603 0. 0.
"DID10"    0 1 61.76550 0. 0. 0. 0 5.25251 -1.53861 0.64109 3.30017 -0.00690 0.00000 7.50191 -0.36179 0.15075 1.16816 0. 0.
"DID10"    0 1 61.86550 0. 0. 0. 0 5.56664 -1.60272 0.64109 3.30311 -0.00690 0.00000 7.57577 -0.37687 0.15075 1.17027 0. 0.
"DID10"    0 1 61.96550 0. 0. 0. 0 5.89359 -1.66682 0.64109 3.30589 -0.00690 0.00000 7.65265 -0.39194 0.15075 1.17236 0. 0.
"DID10"    0 1 62.06550 0. 0. 0. 0 6.23337 -1.73093 0.64109 3.30852 -0.00690 0.00000 7.73255 -0.40702 0.15075 1.17443 0. 0.
"DID10"    0 1 62.16550 0. 0. 0. 0 6.58597 -1.79504 0.64109 3.31100 -0.00690 0.00000 7.81546 -0.42209 0.15075 1.17648 0. 0.
"DID10"    0 1 62.26550 0. 0. 0. 0 6.95139 -1.85915 0.64109 3.31336 -0.00690 0.00000 7.90139 -0.43717 0.15075 1.17850 0. 0.
"DID10"    0 1 62.36550 0. 0. 0. 0 7.32963 -1.92326 0.64109 3.31559 -0.00690 0.00000 7.99033 -0.45224 0.15075 1.18051 0. 0.
"DID10"    0 1 62.46550 0. 0. 0. 0 7.72069 -1.98737 0.64109 3.31770 -0.00690 0.00000 8.08228 -0.46732 0.15075 1.18249 0. 0.
"DID10"    0 1 62.56550 0. 0. 0. 0 8.12457 -2.05148 0.64109 3.31971 -0.00690 0.00000 8.17726 -0.48239 0.15075 1.18444 0. 0.
"DID10"    0 1 62.66550 0. 0. 0. 0 8.54128 -2.11558 0.64109 3.32162 -0.00690 0.00000 8.27524 -0.49747 0.15075 1.18638 0. 0.
"DID10"    0 1 62.76550 0. 0. 0. 0 8.97081 -2.17969 0.64109 3.32344 -0.00690 0.00000 8.37624 -0.51254 0.15075 1.18829 0. 0.
"DID10"    0 1 62.86550 0. 0. 0. 0 9.41316 -2.24380 0.64109 3.32517 -0.00690 0.00000 8.48026 -0.52762 0.15075 1.19018 0. 0.
"DID10"    0 1 62.96550 0. 0. 0. 0 9.86833 -2.30791 0.64109 3.32682 -0.00690 0.00000 8.58729 -0.54269 0.15075 1.19204 0. 0.
"DID10"    0 1 63.06550 0. 0. 0. 0 10.33632 -2.37202 0.64109 3.32840 -0.00690 0.00000 8.69734 -0.55777 0.15075 1.19389 0. 0.
"DID10"    0 1 63.16550 0. 0. 0. 0 10.81714 -2.43613 0.64109 3.32990 -0.00690 0.00000 8.81040 -0.57284 0.15075 1.19570 0. 0.
"DID10"    0 1 63.26550 0. 0. 0. 0 11.31077 -2.50024 0.64109 3.33134 -0.00690 0.00000 8.92647 -0.58792 0.15075 1.19750 0. 0.
"DID10"    0 1 63.36550 0. 0. 0. 0 11.81723 -2.56434 0.64109 3.33272 -0.00690 0.00000 9.04556 -0.60299 0.15075 1.19927 0. 0.
"DID10"    0 1 63.46550 0. 0. 0. 0 12.33651 -2.62845 0.64109 3.33404 -0.00690 0.00000 9.16767 -0.61807 0.15075 1.20102 0. 0.
"DID10"    0 1 63.56550 0. 0. 0. 0 12.86861 -2.69256 0.64109 3.33530 -0.00690 0.00000 9.29279 -0.63314 0.15075 1.20274 0. 0.
"DID10"    0 1 63.66550 0. 0. 0. 0 13.41353 -2.75667 0.64109 3.33651 -0.00690 0.00000 9.42092 -0.64822 0.15075 1.20444 0. 0.
"DID10"    0 1 63.76550 0. 0. 0. 0 13.97128 -2.82078 0.64109 3.33768 -0.00690 0.00000 9.55207 -0.66329 0.15075 1.20612 0. 0.
"DID10"    0 1 63.86550 0. 0. 0. 0 14.54184 -2.88489 0.64109 3.33879 -0.00690 0.00000 9.68624 -0.67836 0.15075 1.20777 0. 0.
"DID10"    0 1 63.96550 0. 0. 0. 0 15.12523 -2.94900 0.64109 3.33986 -0.00690 0.00000 9.82342 -0.69344 0.15075 1.20941 0. 0.
"DID10"    0 1 64.06550 0. 0. 0. 0 15.72144 -3.01310 0.64109 3.34090 -0.00690 0.00000 9.96362 -0.70851 0.15075 1.21102 0. 0.
"DID10"    0 1 64.16550 0. 0. 0. 0 16.33047 -3.07721 0.64109 3.34189 -0.00690 0.00000 10.10683 -0.72359 0.15075 1.21260 0. 0.
"DID10"    0 1 64.26550 0. 0. 0. 0 16.95233 -3.14132 0.64109 3.34285 -0.00690 0.00000 10.25305 -0.73866 0.15075 1.21416 0. 0.
"DID10"    0 1 64.36550 0. 0. 0. 0 17.58700 -3.20543 0.64109 3.34377 -0.00690 0.00000 10.40229 -0.75374 0.15075 1.21571 0. 0.
"DID10"    0 1 64.46550 0. 0. 0. 0 18.23450 -3.26954 0.64109 3.34466 -0.00690 0.00000 10.55455 -0.76881 0.15075 1.21722 0. 0.
"DID10"    0 1 64.56550 0. 0. 0. 0 18.89482 -3.33365 0.64109 3.34551 -0.00690 0.00000 10.70982 -0.78389 0.15075 1.21872 0. 0.
"DID10"    0 1 64.66550 0. 0. 0. 0 19.56796 -3.39776 0.64109 3.34634 -0.00690 0.00000 10.86810 -0.79896 0.15075 1.22020 0. 0.
"DID10"    0 1 64.76550 0. 0. 0. 0 20.25392 -3.46186 0.64109 3.34714 -0.00690 0.00000 11.02940 -0.81404 0.15075 1.22165 0. 0.
"DID10"    0 1 64.86550 0. 0. 0. 0 20.95270 -3.52597 0.64109 3.34791 -0.00690 0.00000 11.19372 -0.82911 0.15075 1.22308 0. 0.
"DID10"    0 1 64.96550 0. 0. 0. 0 21.66431 -3.59008 0.64109 3.34866 -0.00690 0.00000 11.36105 -0.84419 0.15075 1.22449 0. 0.
"DID10"    0 1 65.06550 0. 0. 0. 0 22.38874 -3.65419 0.64109 3.34938 -0.00690 0.00000 11.53139 -0.85926 0.15075 1.22588 0. 0.
"DID10"    0 1 65.16550 0. 0. 0. 0 23.12599 -3.71830 0.64109 3.35008 -0.00690 0.00000 11.70475 -0.87434 0.15075 1.22725 0. 0.
"DID10"    0 1 65.26550 0. 0. 0. 0 23.87606 -3.78241 0.64109 3.35076 -0.00690 0.00000 11.88113 -0.88941 0.15075 1.22860 0. 0.
"DID10"    0 1 65.36550 0. 0. 0. 0 24.63895 -3.84652 0.64109 3.35142 -0.00690 0.00000 12.06052 -0.90449 0.15075 1.22993 0. 0.
"DID10"    0 1 65.46550 0. 0. 0. 0 25.41466 -3.91062 0.64109 3.35205 -0.00690 0.00000 12.24292 -0.91956 0.15075 1.23124 0. 0.
"DID10"    0 1 65.56550 0. 0. 0. 0 26.20320 -3.97473 0.64109 3.35267 -0.00690 0.00000 12.42834 -0.93464 0.15075 1.23253 0. 0.
"DID10"    0 1 65.66550 0. 0. 0. 0 27.00456 -4.03884 0.64109 3.35327 -0.00690 0.00000 12.61678 -0.94971 0.15075 1.23381 0. 0.
"DID10"    0 1 65.76550 0. 0. 0. 0 27.81874 -4.10295 0.64109 3.35385 -0.00690 0.00000 12.80823 -0.96479 0.15075 1.23506 0. 0.
"DID10"    0 1 65.86550 0. 0. 0. 0 28.64574 -4.16706 0.64109 3.35441 -0.00690 0.00000 13.00269 -0.97986 0.15075 1.23629 0. 0.
"DID10"    0 1 65.96550 0. 0. 0. 0 29.48556 -4.23117 0.64109 3.35496 -0.00690 0.00000 13.20017 -0.99494 0.15075 1.23751 0. 0.
"DID10"    0 1 66.06550 0. 0. 0. 0 30.33820 -4.29528 0.64109 3.35549 -0.00690 0.00000 13.40066 -1.01001 0.15075 1.23870 0. 0.
"DIDREST"  0 1 66.12870 0. 0. 0. 0 30.88369 -4.33579 0.64109 3.35582 -0.00690 0.00000 13.52893 -1.01954 0.15075 1.23945 0. 0.
"DISPLU"   0 1 66.12870 0. 0. 0. 0 30.88369 -4.33579 0.64109 3.35582 -0.00690 0.00000 13.52893 -1.01954 0.15075 1.23945 0. 0.
"D29"      0 1 66.36900 0. 0. 0. 0 33.00449 -4.48985 0.64109 3.35702 -0.00690 0.00000 14.02763 -1.05576 0.15075 1.24223 0. 0.
"QA"       0 1 66.67340 0. 0. 0. 0 27.61354 20.66569 15.50220 3.35856 -0.00604 0.00555 18.69953 -15.57719 13.02968 1.24535 0. 0.
"D272"     0 1 66.80175 0. 0. 0. 0 22.56404 18.67598 15.50220 3.35937 -0.00533 0.00555 22.91284 -17.24955 13.02968 1.24633 0. 0.
"MON"      0 1 66.80175 0. 0. 0. 0 22.56404 18.67598 15.50220 3.35937 -0.00533 0.00555 22.91284 -17.24955 13.02968 1.24633 0. 0.
"D271"     0 1 66.93010 0. 0. 0. 0 18.02530 16.68627 15.50220 3.36039 -0.00462 0.00555 27.55544 -18.92191 13.02968 1.24715 0. 0.
"QB"       0 1 67.33230 0. 0. 0. 0 10.60612 3.62206 1.33124 3.36526 -0.00300 0.00270 34.05605 4.45926 0.61325 1.24913 0. 0.
"D26"      0 1 67.45220 0. 0. 0. 0 9.75668 3.46244 1.33124 3.36714 -0.00268 0.00270 32.99553 4.38573 0.61325 1.24970 0. 0.
"STV"      0 1 67.51220 0. 0. 0. 0 9.34598 3.38257 1.33124 3.36814 -0.00251 0.00270 32.47145 4.34893 0.61325 1.24999 0. 0.
"D25"      0 1 67.64020 0. 0. 0. 0 8.50186 3.21217 1.33124 3.37042 -0.00217 0.00270 31.36817 4.27043 0.61325 1.25063 0. 0.
"STH"      0 1 67.69120 0. 0. 0. 0 8.17768 3.14428 1.33124 3.37140 -0.00203 0.00270 30.93418 4.23916 0.61325 1.25089 0. 0.
"D24"      0 1 67.80020 0. 0. 0. 0 7.50804 2.99917 1.33124 3.37361 -0.00174 0.00270 30.01733 4.17231 0.61325 1.25146 0. 0.
"SQ"       0 1 67.87020 0. 0. 0. 0 7.09468 2.90598 1.33124 3.37514 -0.00155 0.00270 29.43621 4.12939 0.61325 1.25183 0. 0.
"D23"      0 1 67.98900 0. 0. 0. 0 6.42301 2.74783 1.33124 3.37794 -0.00123 0.00270 28.46373 4.05653 0.61325 1.25249 0. 0.
"QC"       0 1 68.29340 0. 0. 0. 0 4.77000 2.64724 1.67880 3.38667 -0.00040 0.00275 26.57725 2.18101 0.21661 1.25425 0. 0.
"D22"      0 1 68.39920 0. 0. 0. 0 4.22863 2.46962 1.67880 3.39041 -0.00011 0.00275 26.11818 2.15809 0.21661 1.25489 0. 0.
"S1"       0 1 68.49920 0. 0. 0. 0 3.75150 2.30174 1.67880 3.39441 0.00017 0.00275 25.68873 2.13643 0.21661 1.25551 0. 0.
"D21"      0 1 68.98120 0. 0. 0. 0 1.92264 1.49256 1.67880 3.42313 0.00149 0.00275 23.67953 2.03203 0.21661 1.25862 0. 0.
"BA"       0 1 69.93565 0. 0. 0. 0 0.65154 -0.01737 1.53530 3.58195 0.14471 0.29500 16.24859 3.50301 0.81675 1.26637 0. 0.
"BB"       0 1 70.89010 0. 0. 0. 0 1.98515 -1.52731 1.67880 3.73692 0.55640 0.61421 10.30574 3.70293 1.42752 1.27811 0. 0.
"D11"      0 1 71.36110 0. 0. 0. 0 3.79630 -2.31802 1.67880 3.76436 0.84569 0.61421 7.13426 3.03057 1.42752 1.28686 0. 0.
"SD"       0 1 71.47910 0. 0. 0. 0 4.36673 -2.51612 1.67880 3.76897 0.91817 0.61421 6.43892 2.86212 1.42752 1.28963 0. 0.
"D12"      0 1 71.57382 0. 0. 0. 0 4.85846 -2.67514 1.67880 3.77225 0.97635 0.61421 5.90952 2.72690 1.42752 1.29208 0. 0.
"Q3"       0 1 71.78638 0. 0. 0. 0 5.86790 -2.01600 0.86304 3.77855 1.08834 0.43634 5.00554 1.57761 0.69700 1.29834 0. 0.
"D13"      0 1 72.04310 0. 0. 0. 0 6.95988 -2.23756 0.86304 3.78494 1.20036 0.43634 4.24147 1.39868 0.69700 1.30721 0. 0.
"SF"       0 1 72.15710 0. 0. 0. 0 7.48126 -2.33595 0.86304 3.78746 1.25010 0.43634 3.93163 1.31922 0.69700 1.31165 0. 0.
"D14"      0 1 72.25425 0. 0. 0. 0 7.94327 -2.41979 0.86304 3.78946 1.29249 0.43634 3.68189 1.25151 0.69700 1.31572 0. 0.
"Q4"       0 1 72.46595 0. 0. 0. 0 8.50918 -0.20083 0.12226 3.79352 1.34623 0.06892 3.38314 0.18713 0.30593 1.32536 0. 0.
"D15"      0 1 72.58110 0. 0. 0. 0 8.55705 -0.21490 0.12226 3.79567 1.35417 0.06892 3.34410 0.15190 0.30593 1.33081 0. 0.
"STV"      0 1 72.64110 0. 0. 0. 0 8.58328 -0.22224 0.12226 3.79678 1.35831 0.06892 3.32697 0.13355 0.30593 1.33367 0. 0.
"D16"      0 1 72.71110 0. 0. 0. 0 8.61499 -0.23080 0.12226 3.79808 1.36313 0.06892 3.30978 0.11213 0.30593 1.33703 0. 0.
"MON"      0 1 72.71110 0. 0. 0. 0 8.61499 -0.23080 0.12226 3.79808 1.36313 0.06892 3.30978 0.11213 0.30593 1.33703 0. 0.
"D17"      0 1 73.14010 0. 0. 0. 0 8.83552 -0.28325 0.12226 3.80591 1.39269 0.06892 3.26987 -0.01911 0.30593 1.35785 0. 0.
"BII"      0 1 73.36355 0. 0. 0. 0 9.01160 -0.31048 0.12167 3.80989 1.40368 -0.00101 3.26180 -0.01620 0.30666 1.36874 0. 0.
"BI"       0 1 73.58700 0. 0. 0. 0 9.11212 -0.33771 0.12226 3.81381 1.39224 -0.07094 3.28435 -0.01297 0.30453 1.37962 0. 0.
"SI"       0 1 73.58700 0. 0. 0. 0 9.11212 -0.33771 0.12226 3.81381 1.39224 -0.07094 3.28435 -0.01297 0.30453 1.37962 0. 0.
"STHB"     0 1 73.58700 0. 0. 0. 0 9.11212 -0.33771 0.12226 3.81381 1.39224 -0.07094 3.28435 -0.01297 0.30453 1.37962 0. 0.
"D18"      0 1 74.26115 0. 0. 0. 0 9.62302 -0.42013 0.12226 3.82528 1.34442 -0.07094 3.44023 -0.21826 0.30453 1.41176 0. 0.
"Q4"       0 1 74.47285 0. 0. 0. 0 9.24578 2.16702 0.61606 3.82882 1.29030 -0.43781 3.75604 -1.30250 0.71791 1.42123 0. 0.
"D14"      0 1 74.57000 0. 0. 0. 0 8.83056 2.10717 0.61606 3.83053 1.24777 -0.43781 4.01588 -1.37225 0.71791 1.42521 0. 0.
"SF"       0 1 74.68400 0. 0. 0. 0 8.35813 2.03694 0.61606 3.83264 1.19786 -0.43781 4.33808 -1.45409 0.71791 1.42956 0. 0.
"D13"      0 1 74.94072 0. 0. 0. 0 7.35288 1.87878 0.61606 3.83785 1.08547 -0.43781 5.13199 -1.63839 0.71791 1.43822 0. 0.
"Q3"       0 1 75.15328 0. 0. 0. 0 6.33577 2.84797 1.43801 3.84278 0.97322 -0.61516 6.06807 -2.81898 1.47438 1.44432 0. 0.
"D12"      0 1 75.24800 0. 0. 0. 0 5.80914 2.71176 1.43801 3.84527 0.91495 -0.61516 6.61534 -2.95864 1.47438 1.44670 0. 0.
"SD"       0 1 75.36600 0. 0. 0. 0 5.18919 2.54207 1.43801 3.84869 0.84236 -0.61516 7.33411 -3.13262 1.47438 1.44940 0. 0.
"D11"      0 1 75.83700 0. 0. 0. 0 3.11357 1.86477 1.43801 3.86738 0.55262 -0.61516 10.61211 -3.82705 1.47438 1.45790 0. 0.
"BA"       0 1 76.79145 0. 0. 0. 0 1.00867 0.57140 1.31509 3.95642 0.13987 -0.29591 16.76003 -3.62286 0.84279 1.46930 0. 0.
"BB"       0 1 77.74590 0. 0. 0. 0 1.05787 -0.72197 1.43801 4.13856 -0.00399 -0.00370 24.44347 -2.10412 0.22204 1.47680 0. 0.
"D31"      0 1 78.24357 0. 0. 0. 0 2.13264 -1.43762 1.43801 4.19231 -0.00583 -0.00370 26.59278 -2.21462 0.22204 1.47991 0. 0.
"Q2"       0 1 78.54023 0. 0. 0. 0 3.67867 -4.10780 4.85883 4.20975 -0.00754 -0.00802 22.91016 13.81182 8.37036 1.48176 0. 0.
"D32"      0 1 78.64890 0. 0. 0. 0 4.62884 -4.63581 4.85883 4.21394 -0.00841 -0.00802 20.00714 12.90221 8.37036 1.48257 0. 0.
"S1"       0 1 78.74890 0. 0. 0. 0 5.60459 -5.12170 4.85883 4.21707 -0.00921 -0.00802 17.51040 12.06517 8.37036 1.48342 0. 0.
"D33"      0 1 78.85286 0. 0. 0. 0 6.72195 -5.62680 4.85883 4.21977 -0.01005 -0.00802 15.09239 11.19503 8.37036 1.48444 0. 0.
"Q1"       0 1 79.15894 0. 0. 0. 0 8.57389 0.06819 0.11718 4.22593 -0.01122 0.00049 11.85752 0.20518 0.08789 1.48823 0. 0.
"D34"      0 1 79.26590 0. 0. 0. 0 8.56064 0.05566 0.11718 4.22792 -0.01117 0.00049 11.81463 0.19578 0.08789 1.48967 0. 0.
"S2"       0 1 79.36590 0. 0. 0. 0 8.55068 0.04394 0.11718 4.22978 -0.01112 0.00049 11.77635 0.18699 0.08789 1.49102 0. 0.
"STHX"     0 1 79.36590 0. 0. 0. 0 8.55068 0.04394 0.11718 4.22978 -0.01112 0.00049 11.77635 0.18699 0.08789 1.49102 0. 0.
"D35"      0 1 79.48290 0. 0. 0. 0 8.54201 0.03023 0.11718 4.23196 -0.01106 0.00049 11.73380 0.17671 0.08789 1.49260 0. 0.
"STV"      0 1 79.54290 0. 0. 0. 0 8.53880 0.02320 0.11718 4.23307 -0.01103 0.00049 11.71291 0.17144 0.08789 1.49341 0. 0.
"D41"      0 1 79.62540 0. 0. 0. 0 8.53577 0.01353 0.11718 4.23461 -0.01099 0.00049 11.68522 0.16419 0.08789 1.49454 0. 0.
"MON"      0 1 79.62540 0. 0. 0. 0 8.53577 0.01353 0.11718 4.23461 -0.01099 0.00049 11.68522 0.16419 0.08789 1.49454 0. 0.
"D42"      0 1 79.70790 0. 0. 0. 0 8.53433 0.00387 0.11718 4.23615 -0.01095 0.00049 11.65873 0.15694 0.08789 1.49566 0. 0.
"DRFH"     0 1 80.70790 0. 0. 0. 0 8.64377 -0.11331 0.11718 4.25472 -0.01047 0.00049 11.43274 0.06905 0.08789 1.50946 0. 0.
"CAV"      0 1 80.70790 0. 0. 0. 0 8.64377 -0.11331 0.11718 4.25472 -0.01047 0.00049 11.43274 0.06905 0.08789 1.50946 0. 0.
"DISP0"    0 1 80.70790 0. 0. 0. 0 8.64377 -0.11331 0.11718 4.25472 -0.01047 0.00049 11.43274 0.06905 0.08789 1.50946 0. 0.
"DRFH"     0 1 81.70790 0. 0. 0. 0 8.98756 -0.23048 0.11718 4.27282 -0.00998 0.00049 11.38252 -0.01883 0.08789 1.52343 0. 0.
"D44"      0 1 82.78640 0. 0. 0. 0 9.62101 -0.35686 0.11718 4.29132 -0.00945 0.00049 11.52536 -0.11362 0.08789 1.53844 0. 0.
"MON"      0 1 82.78640 0. 0. 0. 0 9.62101 -0.35686 0.11718 4.29132 -0.00945 0.00049 11.52536 -0.11362 0.08789 1.53844 0. 0.
"D43"      0 1 82.86890 0. 0. 0. 0 9.68069 -0.36652 0.11718 4.29268 -0.00941 0.00049 11.54471 -0.12087 0.08789 1.53958 0. 0.
"STV"      0 1 82.92890 0. 0. 0. 0 9.72509 -0.37355 0.11718 4.29366 -0.00938 0.00049 11.55953 -0.12614 0.08789 1.54041 0. 0.
"D35"      0 1 83.04590 0. 0. 0. 0 9.81411 -0.38726 0.11718 4.29557 -0.00933 0.00049 11.59025 -0.13642 0.08789 1.54202 0. 0.
"STHX"     0 1 83.04590 0. 0. 0. 0 9.81411 -0.38726 0.11718 4.29557 -0.00933 0.00049 11.59025 -0.13642 0.08789 1.54202 0. 0.
"S2"       0 1 83.14590 0. 0. 0. 0 9.89274 -0.39898 0.11718 4.29719 -0.00928 0.00049 11.61841 -0.14521 0.08789 1.54339 0. 0.
"D34"      0 1 83.25285 0. 0. 0. 0 9.97942 -0.41151 0.11718 4.29890 -0.00922 0.00049 11.65048 -0.15461 0.08789 1.54485 0. 0.
"Q1"       0 1 83.55894 0. 0. 0. 0 7.99457 6.36906 5.19914 4.30414 -0.00800 0.00737 14.79543 -10.92871 8.14013 1.54871 0. 0.
"D33"      0 1 83.66290 0. 0. 0. 0 6.72656 5.82858 5.19914 4.30640 -0.00723 0.00737 17.15559 -11.77492 8.14013 1.54975 0. 0.
"S1"       0 1 83.76290 0. 0. 0. 0 5.61284 5.30867 5.19914 4.30899 -0.00649 0.00737 19.59197 -12.58894 8.14013 1.55062 0. 0.
"D32"      0 1 83.87157 0. 0. 0. 0 4.52045 4.74368 5.19914 4.31242 -0.00569 0.00737 22.42418 -13.47352 8.14013 1.55144 0. 0.
"Q2"       0 1 84.16823 0. 0. 0. 0 2.75300 1.59593 1.28841 4.32626 -0.00400 0.00425 26.00082 2.21010 0.22632 1.55334 0. 0.
"D31"      0 1 84.66590 0. 0. 0. 0 1.48362 0.95473 1.28841 4.36586 -0.00188 0.00425 23.85707 2.09747 0.22632 1.55652 0. 0.
"BA"       0 1 85.62035 0. 0. 0. 0 0.88404 -0.20408 1.17828 4.51921 0.14260 0.29646 16.29064 3.56265 0.84051 1.56422 0. 0.
"BB"       0 1 86.57480 0. 0. 0. 0 2.21784 -1.36290 1.28841 4.63643 0.55576 0.61576 10.25559 3.73513 1.45786 1.57599 0. 0.
"D11"      0 1 87.04580 0. 0. 0. 0 3.78751 -1.96974 1.28841 4.66241 0.84578 0.61576 7.06051 3.04848 1.45786 1.58480 0. 0.
"SD"       0 1 87.16380 0. 0. 0. 0 4.27031 -2.12177 1.28841 4.66708 0.91844 0.61576 6.36137 2.87645 1.45786 1.58760 0. 0.
"D12"      0 1 87.25852 0. 0. 0. 0 4.68382 -2.24381 1.28841 4.67045 0.97677 0.61576 5.82953 2.73836 1.45786 1.59008 0. 0.
"Q3"       0 1 87.47108 0. 0. 0. 0 5.50321 -1.56408 0.62624 4.67707 1.08908 0.43779 4.91899 1.59739 0.72203 1.59644 0. 0.
"D13"      0 1 87.72780 0. 0. 0. 0 6.34755 -1.72485 0.62624 4.68399 1.20147 0.43779 4.14641 1.41203 0.72203 1.60549 0. 0.
"SF"       0 1 87.84180 0. 0. 0. 0 6.74896 -1.79624 0.62624 4.68676 1.25137 0.43779 3.83385 1.32972 0.72203 1.61004 0. 0.
"D14"      0 1 87.93895 0. 0. 0. 0 7.10386 -1.85708 0.62624 4.68899 1.29390 0.43779 3.58231 1.25957 0.72203 1.61421 0. 0.
"Q4"       0 1 88.15065 0. 0. 0. 0 7.47861 0.12170 0.13570 4.69357 1.34791 0.06993 3.27519 0.21934 0.32001 1.62415 0. 0.
"D15"      0 1 88.26580 0. 0. 0. 0 7.45238 0.10608 0.13570 4.69603 1.35596 0.06993 3.22892 0.18249 0.32001 1.62979 0. 0.
"STV"      0 1 88.32580 0. 0. 0. 0 7.44014 0.09793 0.13570 4.69731 1.36016 0.06993 3.20818 0.16329 0.32001 1.63276 0. 0.
"D16"      0 1 88.39580 0. 0. 0. 0 7.42710 0.08844 0.13570 4.69881 1.36506 0.06993 3.18688 0.14089 0.32001 1.63624 0. 0.
"MON"      0 1 88.39580 0. 0. 0. 0 7.42710 0.08844 0.13570 4.69881 1.36506 0.06993 3.18688 0.14089 0.32001 1.63624 0. 0.
"D17"      0 1 88.82480 0. 0. 0. 0 7.37619 0.03022 0.13570 4.70804 1.39506 0.06993 3.12489 0.00360 0.32001 1.65794 0. 0.
"BII"      0 1 89.04825 0. 0. 0. 0 7.40550 0.00000 0.13503 4.71285 1.40628 -0.00000 3.10883 -0.00000 0.32166 1.66936 0. 0.
"BI"       0 1 89.27170 0. 0. 0. 0 7.37619 -0.03022 0.13570 4.71765 1.39506 -0.06993 3.12489 -0.00360 0.32001 1.68078 0. 0.
"SI"       0 1 89.27170 0. 0. 0. 0 7.37619 -0.03022 0.13570 4.71765 1.39506 -0.06993 3.12489 -0.00360 0.32001 1.68078 0. 0.
"STHB"     0 1 89.27170 0. 0. 0. 0 7.37619 -0.03022 0.13570 4.71765 1.39506 -0.06993 3.12489 -0.00360 0.32001 1.68078 0. 0.
"D18"      0 1 89.94585 0. 0. 0. 0 7.47861 -0.12170 0.13570 4.73212 1.34791 -0.06993 3.27519 -0.21934 0.32001 1.71458 0. 0.
"Q4"       0 1 90.15755 0. 0. 0. 0 7.10386 1.85708 0.62624 4.73670 1.29390 -0.43779 3.58231 -1.25957 0.72203 1.72451 0. 0.
"D14"      0 1 90.25470 0. 0. 0. 0 6.74896 1.79624 0.62624 4.73893 1.25137 -0.43779 3.83385 -1.32972 0.72203 1.72869 0. 0.
"SF"       0 1 90.36870 0. 0. 0. 0 6.34755 1.72485 0.62624 4.74170 1.20147 -0.43779 4.14641 -1.41203 0.72203 1.73324 0. 0.
"D13"      0 1 90.62542 0. 0. 0. 0 5.50321 1.56408 0.62624 4.74862 1.08908 -0.43779 4.91899 -1.59739 0.72203 1.74229 0. 0.
"Q3"       0 1 90.83798 0. 0. 0. 0 4.68382 2.24381 1.28841 4.75524 0.97676 -0.61576 5.82953 -2.73836 1.45786 1.74865 0. 0.
"D12"      0 1 90.93270 0. 0. 0. 0 4.27031 2.12177 1.28841 4.75862 0.91844 -0.61576 6.36137 -2.87645 1.45786 1.75112 0. 0.
"SD"       0 1 91.05070 0. 0. 0. 0 3.78751 1.96974 1.28841 4.76329 0.84578 -0.61576 7.06051 -3.04848 1.45786 1.75393 0. 0.
"D11"      0 1 91.52170 0. 0. 0. 0 2.21784 1.36290 1.28841 4.78927 0.55576 -0.61576 10.25559 -3.73513 1.45786 1.76274 0. 0.
"BA"       0 1 92.47615 0. 0. 0. 0 0.88404 0.20408 1.17828 4.90648 0.14260 -0.29646 16.29064 -3.56265 0.84051 1.77450 0. 0.
"BB"       0 1 93.43060 0. 0. 0. 0 1.48362 -0.95473 1.28841 5.05983 -0.00188 -0.00425 23.85707 -2.09747 0.22632 1.78221 0. 0.
"D31"      0 1 93.92827 0. 0. 0. 0 2.75300 -1.59593 1.28841 5.09943 -0.00400 -0.00425 26.00082 -2.21010 0.22632 1.78539 0. 0.
"Q2"       0 1 94.22493 0. 0. 0. 0 4.52045 -4.74368 5.19914 5.11327 -0.00569 -0.00737 22.42418 13.47352 8.14013 1.78728 0. 0.
"D32"      0 1 94.33360 0. 0. 0. 0 5.61284 -5.30867 5.19914 5.11671 -0.00649 -0.00737 19.59197 12.58894 8.14013 1.78811 0. 0.
"S1"       0 1 94.43360 0. 0. 0. 0 6.72656 -5.82858 5.19914 5.11930 -0.00723 -0.00737 17.15559 11.77492 8.14013 1.78898 0. 0.
"D33"      0 1 94.53755 0. 0. 0. 0 7.99457 -6.36906 5.19914 5.12155 -0.00800 -0.00737 14.79543 10.92871 8.14013 1.79002 0. 0.
"Q1"       0 1 94.84364 0. 0. 0. 0 9.97942 0.41151 0.11718 5.12679 -0.00923 -0.00049 11.65048 0.15461 0.08789 1.79388 0. 0.
"D34"      0 1 94.95060 0. 0. 0. 0 9.89274 0.39898 0.11718 5.12851 -0.00928 -0.00049 11.61841 0.14521 0.08789 1.79534 0. 0.
"S2"       0 1 95.05060 0. 0. 0. 0 9.81411 0.38726 0.11718 5.13012 -0.00933 -0.00049 11.59025 0.13642 0.08789 1.79671 0. 0.
"STHX"     0 1 95.05060 0. 0. 0. 0 9.81411 0.38726 0.11718 5.13012 -0.00933 -0.00049 11.59025 0.13642 0.08789 1.79671 0. 0.
"D35"      0 1 95.16760 0. 0. 0. 0 9.72509 0.37355 0.11718 5.13203 -0.00938 -0.00049 11.55953 0.12614 0.08789 1.79832 0. 0.
"STV"      0 1 95.22760 0. 0. 0. 0 9.68069 0.36652 0.11718 5.13301 -0.00941 -0.00049 11.54471 0.12087 0.08789 1.79915 0. 0.
"D51"      0 1 95.31010 0. 0. 0. 0 9.62101 0.35686 0.11718 5.13437 -0.00945 -0.00049 11.52536 0.11362 0.08789 1.80029 0. 0.
"MON"      0 1 95.31010 0. 0. 0. 0 9.62101 0.35686 0.11718 5.13437 -0.00945 -0.00049 11.52536 0.11362 0.08789 1.80029 0. 0.
"D52"      0 1 95.54060 0. 0. 0. 0 9.46273 0.32985 0.11718 5.13822 -0.00957 -0.00049 11.47766 0.09336 0.08789 1.80348 0. 0.
"DINJH"    0 1 96.89060 0. 0. 0. 0 8.78569 0.17166 0.11718 5.16187 -0.01022 -0.00049 11.38576 -0.02529 0.08789 1.82231 0. 0.
"DISP0"    0 1 96.89060 0. 0. 0. 0 8.78569 0.17166 0.11718 5.16187 -0.01022 -0.00049 11.38576 -0.02529 0.08789 1.82231 0. 0.
"DINJH"    0 1 98.24060 0. 0. 0. 0 8.53576 0.01347 0.11718 5.18678 -0.01088 -0.00049 11.61420 -0.14393 0.08789 1.84104 0. 0.
"D54"      0 1 98.47110 0. 0. 0. 0 8.53577 -0.01353 0.11718 5.19108 -0.01099 -0.00049 11.68522 -0.16419 0.08789 1.84419 0. 0.
"MON"      0 1 98.47110 0. 0. 0. 0 8.53577 -0.01353 0.11718 5.19108 -0.01099 -0.00049 11.68522 -0.16419 0.08789 1.84419 0. 0.
"D53"      0 1 98.55360 0. 0. 0. 0 8.53880 -0.02320 0.11718 5.19262 -0.01103 -0.00049 11.71291 -0.17144 0.08789 1.84531 0. 0.
"STV"      0 1 98.61360 0. 0. 0. 0 8.54201 -0.03023 0.11718 5.19374 -0.01106 -0.00049 11.73380 -0.17671 0.08789 1.84613 0. 0.
"D35"      0 1 98.73060 0. 0. 0. 0 8.55068 -0.04394 0.11718 5.19591 -0.01112 -0.00049 11.77635 -0.18699 0.08789 1.84771 0. 0.
"STHX"     0 1 98.73060 0. 0. 0. 0 8.55068 -0.04394 0.11718 5.19591 -0.01112 -0.00049 11.77635 -0.18699 0.08789 1.84771 0. 0.
"S2"       0 1 98.83060 0. 0. 0. 0 8.56064 -0.05566 0.11718 5.19778 -0.01117 -0.00049 11.81463 -0.19578 0.08789 1.84906 0. 0.
"D34"      0 1 98.93756 0. 0. 0. 0 8.57389 -0.06819 0.11718 5.19976 -0.01122 -0.00049 11.85752 -0.20518 0.08789 1.85050 0. 0.
"Q1"       0 1 99.24365 0. 0. 0. 0 6.72195 5.62680 4.85883 5.20593 -0.01005 0.00802 15.09239 -11.19503 8.37036 1.85429 0. 0.
"D33"      0 1 99.34760 0. 0. 0. 0 5.60459 5.12170 4.85883 5.20862 -0.00921 0.00802 17.51040 -12.06517 8.37036 1.85531 0. 0.
"S1"       0 1 99.44760 0. 0. 0. 0 4.62884 4.63581 4.85883 5.21175 -0.00841 0.00802 20.00714 -12.90221 8.37036 1.85616 0. 0.
"D32"      0 1 99.55627 0. 0. 0. 0 3.67867 4.10780 4.85883 5.21594 -0.00754 0.00802 22.91016 -13.81182 8.37036 1.85697 0. 0.
"Q2"       0 1 99.85293 0. 0. 0. 0 2.13264 1.43762 1.43801 5.23338 -0.00583 0.00370 26.59278 2.21462 0.22204 1.85882 0. 0.
"D31"      0 1 100.35060 0. 0. 0. 0 1.05787 0.72197 1.43801 5.28713 -0.00399 0.00370 24.44347 2.10412 0.22204 1.86192 0. 0.
"BA"       0 1 101.30505 0. 0. 0. 0 1.00867 -0.57140 1.31509 5.46928 0.13988 0.29593 16.76003 3.62286 0.84279 1.86943 0. 0.
"BB"       0 1 102.25950 0. 0. 0. 0 3.11357 -1.86477 1.43801 5.55831 0.55267 0.61521 10.61211 3.82705 1.47438 1.88083 0. 0.
"D11"      0 1 102.73050 0. 0. 0. 0 5.18919 -2.54207 1.43801 5.57701 0.84243 0.61521 7.33411 3.13262 1.47438 1.88933 0. 0.
"SD"       0 1 102.84850 0. 0. 0. 0 5.80914 -2.71176 1.43801 5.58043 0.91503 0.61521 6.61534 2.95864 1.47438 1.89203 0. 0.
"D12"      0 1 102.94322 0. 0. 0. 0 6.33577 -2.84797 1.43801 5.58291 0.97330 0.61521 6.06807 2.81898 1.47438 1.89441 0. 0.
"Q3"       0 1 103.15578 0. 0. 0. 0 7.35288 -1.87878 0.61606 5.58784 1.08556 0.43784 5.13199 1.63839 0.71791 1.90051 0. 0.
"D13"      0 1 103.41250 0. 0. 0. 0 8.35813 -2.03694 0.61606 5.59305 1.19796 0.43784 4.33808 1.45409 0.71791 1.90917 0. 0.
"SF"       0 1 103.52650 0. 0. 0. 0 8.83056 -2.10717 0.61606 5.59516 1.24788 0.43784 4.01588 1.37225 0.71791 1.91352 0. 0.
"D14"      0 1 103.62365 0. 0. 0. 0 9.24578 -2.16702 0.61606 5.59688 1.29041 0.43784 3.75604 1.30250 0.71791 1.91750 0. 0.
"Q4"       0 1 103.83535 0. 0. 0. 0 9.62302 0.42013 0.12226 5.60041 1.34453 0.07094 3.44023 0.21826 0.30453 1.92697 0. 0.
"D15"      0 1 103.95050 0. 0. 0. 0 9.52788 0.40605 0.12226 5.60233 1.35270 0.07094 3.39401 0.18320 0.30453 1.93234 0. 0.
"STV"      0 1 104.01050 0. 0. 0. 0 9.47960 0.39872 0.12226 5.60333 1.35696 0.07094 3.37312 0.16493 0.30453 1.93516 0. 0.
"D16"      0 1 104.08050 0. 0. 0. 0 9.42438 0.39016 0.12226 5.60451 1.36193 0.07094 3.35152 0.14361 0.30453 1.93847 0. 0.
"MON"      0 1 104.08050 0. 0. 0. 0 9.42438 0.39016 0.12226 5.60451 1.36193 0.07094 3.35152 0.14361 0.30453 1.93847 0. 0.
"D17"      0 1 104.50950 0. 0. 0. 0 9.11212 0.33771 0.12226 5.61188 1.39236 0.07094 3.28435 0.01297 0.30453 1.95911 0. 0.
"BII"      0 1 104.73295 0. 0. 0. 0 9.01160 0.31048 0.12167 5.61580 1.40380 0.00101 3.26180 0.01620 0.30666 1.96998 0. 0.
"BI"       0 1 104.95640 0. 0. 0. 0 8.83552 0.28325 0.12226 5.61979 1.39281 -0.06892 3.26987 0.01911 0.30593 1.98088 0. 0.
"SI"       0 1 104.95640 0. 0. 0. 0 8.83552 0.28325 0.12226 5.61979 1.39281 -0.06892 3.26987 0.01911 0.30593 1.98088 0. 0.
"STHB"     0 1 104.95640 0. 0. 0. 0 8.83552 0.28325 0.12226 5.61979 1.39281 -0.06892 3.26987 0.01911 0.30593 1.98088 0. 0.
"D18"      0 1 105.63055 0. 0. 0. 0 8.50918 0.20083 0.12226 5.63217 1.34635 -0.06892 3.38314 -0.18713 0.30593 2.01337 0. 0.
"Q4"       0 1 105.84225 0. 0. 0. 0 7.94327 2.41979 0.86304 5.63623 1.29260 -0.43638 3.68189 -1.25151 0.69700 2.02301 0. 0.
"D14"      0 1 105.93940 0. 0. 0. 0 7.48126 2.33595 0.86304 5.63824 1.25020 -0.43638 3.93163 -1.31922 0.69700 2.02708 0. 0.
"SF"       0 1 106.05340 0. 0. 0. 0 6.95988 2.23756 0.86304 5.64075 1.20046 -0.43638 4.24147 -1.39868 0.69700 2.03152 0. 0.
"D13"      0 1 106.31012 0. 0. 0. 0 5.86790 2.01600 0.86304 5.64715 1.08843 -0.43638 5.00554 -1.57761 0.69700 2.04039 0. 0.
"Q3"       0 1 106.52268 0. 0. 0. 0 4.85846 2.67514 1.67880 5.65345 0.97643 -0.61426 5.90952 -2.72690 1.42752 2.04665 0. 0.
"D12"      0 1 106.61740 0. 0. 0. 0 4.36673 2.51612 1.67880 5.65672 0.91824 -0.61426 6.43892 -2.86212 1.42752 2.04910 0. 0.
"SD"       0 1 106.73540 0. 0. 0. 0 3.79630 2.31802 1.67880 5.66133 0.84576 -0.61426 7.13426 -3.03057 1.42752 2.05187 0. 0.
"D11"      0 1 107.20640 0. 0. 0. 0 1.98515 1.52731 1.67880 5.68877 0.55644 -0.61426 10.30574 -3.70293 1.42752 2.06061 0. 0.
"BA"       0 1 108.16085 0. 0. 0. 0 0.65154 0.01737 1.53530 5.84375 0.14472 -0.29503 16.24859 -3.50301 0.81675 2.07236 0. 0.
"BB"       0 1 109.11530 0. 0. 0. 0 1.92264 -1.49256 1.67880 6.00256 0.00149 -0.00275 23.67953 -2.03203 0.21661 2.08011 0. 0.
"D21"      0 1 109.59730 0. 0. 0. 0 3.75150 -2.30174 1.67880 6.03128 0.00017 -0.00275 25.68873 -2.13643 0.21661 2.08322 0. 0.
"S1"       0 1 109.69730 0. 0. 0. 0 4.22863 -2.46962 1.67880 6.03528 -0.00011 -0.00275 26.11818 -2.15809 0.21661 2.08384 0. 0.
"D22"      0 1 109.80310 0. 0. 0. 0 4.77000 -2.64724 1.67880 6.03903 -0.00040 -0.00275 26.57725 -2.18101 0.21661 2.08447 0. 0.
"QC"       0 1 110.10750 0. 0. 0. 0 6.42301 -2.74783 1.33124 6.04776 -0.00123 -0.00270 28.46373 -4.05653 0.61325 2.08624 0. 0.
"D23"      0 1 110.22630 0. 0. 0. 0 7.09468 -2.90598 1.33124 6.05056 -0.00155 -0.00270 29.43621 -4.12939 0.61325 2.08689 0. 0.
"SQ"       0 1 110.29630 0. 0. 0. 0 7.50804 -2.99917 1.33124 6.05208 -0.00174 -0.00270 30.01733 -4.17231 0.61325 2.08727 0. 0.
"D24"      0 1 110.40530 0. 0. 0. 0 8.17768 -3.14428 1.33124 6.05430 -0.00203 -0.00270 30.93418 -4.23916 0.61325 2.08784 0. 0.
"STH"      0 1 110.45630 0. 0. 0. 0 8.50186 -3.21217 1.33124 6.05527 -0.00217 -0.00270 31.36817 -4.27043 0.61325 2.08810 0. 0.
"D25"      0 1 110.58430 0. 0. 0. 0 9.34598 -3.38257 1.33124 6.05756 -0.00251 -0.00270 32.47145 -4.34893 0.61325 2.08874 0. 0.
"STV"      0 1 110.64430 0. 0. 0. 0 9.75668 -3.46244 1.33124 6.05856 -0.00268 -0.00270 32.99553 -4.38573 0.61325 2.08903 0. 0.
"D26"      0 1 110.76420 0. 0. 0. 0 10.60612 -3.62206 1.33124 6.06043 -0.00300 -0.00270 34.05605 -4.45926 0.61325 2.08960 0. 0.
"QB"       0 1 111.16640 0. 0. 0. 0 18.02530 -16.68627 15.50220 6.06530 -0.00462 -0.00555 27.55544 18.92191 13.02968 2.09158 0. 0.
"D271"     0 1 111.29475 0. 0. 0. 0 22.56404 -18.67598 15.50220 6.06632 -0.00533 -0.00555 22.91284 17.24955 13.02968 2.09240 0. 0.
"MON"      0 1 111.29475 0. 0. 0. 0 22.56404 -18.67598 15.50220 6.06632 -0.00533 -0.00555 22.91284 17.24955 13.02968 2.09240 0. 0.
"D272"     0 1 111.42310 0. 0. 0. 0 27.61354 -20.66569 15.50220 6.06714 -0.00604 -0.00555 18.69953 15.57719 13.02968 2.09338 0. 0.
"QA"       0 1 111.72750 0. 0. 0. 0 33.00449 4.48985 0.64109 6.06867 -0.00690 0.00000 14.02763 1.05576 0.15075 2.09650 0. 0.
"D282"     0 1 112.33930 0. 0. 0. 0 27.75067 4.09763 0.64109 6.07189 -0.00690 0.00000 12.79222 0.96353 0.15075 2.10377 0. 0.
"DID10"    0 1 112.43930 0. 0. 0. 0 26.93756 4.03352 0.64109 6.07247 -0.00690 0.00000 12.60102 0.94846 0.15075 2.10503 0. 0.
"DID10"    0 1 112.53930 0. 0. 0. 0 26.13726 3.96941 0.64109 6.07307 -0.00690 0.00000 12.41284 0.93338 0.15075 2.10630 0. 0.
"DID10"    0 1 112.63930 0. 0. 0. 0 25.34979 3.90530 0.64109 6.07369 -0.00690 0.00000 12.22767 0.91831 0.15075 2.10759 0. 0.
"DID10"    0 1 112.73930 0. 0. 0. 0 24.57514 3.84120 0.64109 6.07433 -0.00690 0.00000 12.04551 0.90324 0.15075 2.10890 0. 0.
"DID10"    0 1 112.83930 0. 0. 0. 0 23.81331 3.77709 0.64109 6.07499 -0.00690 0.00000 11.86637 0.88816 0.15075 2.11023 0. 0.
"DID10"    0 1 112.93930 0. 0. 0. 0 23.06431 3.71298 0.64109 6.07567 -0.00690 0.00000 11.69025 0.87309 0.15075 2.11159 0. 0.
"DID10"    0 1 113.03930 0. 0. 0. 0 22.32812 3.64887 0.64109 6.07637 -0.00690 0.00000 11.51714 0.85801 0.15075 2.11296 0. 0.
"DID10"    0 1 113.13930 0. 0. 0. 0 21.60476 3.58476 0.64109 6.07709 -0.00690 0.00000 11.34704 0.84294 0.15075 2.11435 0. 0.
"DID10"    0 1 113.23930 0. 0. 0. 0 20.89422 3.52065 0.64109 6.07784 -0.00690 0.00000 11.17996 0.82786 0.15075 2.11576 0. 0.
"DID10"    0 1 113.33930 0. 0. 0. 0 20.19650 3.45654 0.64109 6.07862 -0.00690 0.00000 11.01590 0.81279 0.15075 2.11720 0. 0.
"DID10"    0 1 113.43930 0. 0. 0. 0 19.51160 3.39243 0.64109 6.07942 -0.00690 0.00000 10.85485 0.79771 0.15075 2.11865 0. 0.
"DID10"    0 1 113.53930 0. 0. 0. 0 18.83952 3.32833 0.64109 6.08025 -0.00690 0.00000 10.69682 0.78264 0.15075 2.12013 0. 0.
"DID10"    0 1 113.63930 0. 0. 0. 0 18.18027 3.26422 0.64109 6.08111 -0.00690 0.00000 10.54180 0.76756 0.15075 2.12163 0. 0.
"DID10"    0 1 113.73930 0. 0. 0. 0 17.53384 3.20011 0.64109 6.08200 -0.00690 0.00000 10.38979 0.75249 0.15075 2.12315 0. 0.
"DID10"    0 1 113.83930 0. 0. 0. 0 16.90023 3.13600 0.64109 6.08292 -0.00690 0.00000 10.24080 0.73741 0.15075 2.12469 0. 0.
"DID10"    0 1 113.93930 0. 0. 0. 0 16.27944 3.07189 0.64109 6.08388 -0.00690 0.00000 10.09483 0.72234 0.15075 2.12626 0. 0.
"DID10"    0 1 114.03930 0. 0. 0. 0 15.67147 3.00778 0.64109 6.08488 -0.00690 0.00000 9.95187 0.70726 0.15075 2.12785 0. 0.
"DID10"    0 1 114.13930 0. 0. 0. 0 15.07632 2.94367 0.64109 6.08592 -0.00690 0.00000 9.81192 0.69219 0.15075 2.12946 0. 0.
"DID10"    0 1 114.23930 0. 0. 0. 0 14.49400 2.87957 0.64109 6.08699 -0.00690 0.00000 9.67499 0.67711 0.15075 2.13109 0. 0.
"DID10"    0 1 114.33930 0. 0. 0. 0 13.92450 2.81546 0.64109 6.08811 -0.00690 0.00000 9.54107 0.66204 0.15075 2.13275 0. 0.
"DID10"    0 1 114.43930 0. 0. 0. 0 13.36782 2.75135 0.64109 6.08928 -0.00690 0.00000 9.41017 0.64696 0.15075 2.13443 0. 0.
"DID10"    0 1 114.53930 0. 0. 0. 0 12.82396 2.68724 0.64109 6.09049 -0.00690 0.00000 9.28229 0.63189 0.15075 2.13613 0. 0.
"DID10"    0 1 114.63930 0. 0. 0. 0 12.29292 2.62313 0.64109 6.09176 -0.00690 0.00000 9.15742 0.61681 0.15075 2.13786 0. 0.
"DID10"    0 1 114.73930 0. 0. 0. 0 11.77471 2.55902 0.64109 6.09308 -0.00690 0.00000 9.03556 0.60174 0.15075 2.13960 0. 0.
"DID10"    0 1 114.83930 0. 0. 0. 0 11.26931 2.49491 0.64109 6.09447 -0.00690 0.00000 8.91672 0.58666 0.15075 2.14138 0. 0.
"DID10"    0 1 114.93930 0. 0. 0. 0 10.77674 2.43081 0.64109 6.09591 -0.00690 0.00000 8.80090 0.57159 0.15075 2.14317 0. 0.
"DID10"    0 1 115.03930 0. 0. 0. 0 10.29699 2.36670 0.64109 6.09742 -0.00690 0.00000 8.68809 0.55652 0.15075 2.14499 0. 0.
"DID10"    0 1 115.13930 0. 0. 0. 0 9.83006 2.30259 0.64109 6.09900 -0.00690 0.00000 8.57829 0.54144 0.15075 2.14684 0. 0.
"DID10"    0 1 115.23930 0. 0. 0. 0 9.37595 2.23848 0.64109 6.10066 -0.00690 0.00000 8.47151 0.52637 0.15075 2.14871 0. 0.
"DID10"    0 1 115.33930 0. 0. 0. 0 8.93467 2.17437 0.64109 6.10240 -0.00690 0.00000 8.36774 0.51129 0.15075 2.15060 0. 0.
"DID10"    0 1 115.43930 0. 0. 0. 0 8.50621 2.11026 0.64109 6.10423 -0.00690 0.00000 8.26699 0.49622 0.15075 2.15251 0. 0.
"DID10"    0 1 115.53930 0. 0. 0. 0 8.09056 2.04615 0.64109 6.10614 -0.00690 0.00000 8.16926 0.48114 0.15075 2.15445 0. 0.
"DID10"    0 1 115.63930 0. 0. 0. 0 7.68774 1.98205 0.64109 6.10816 -0.00690 0.00000 8.07454 0.46607 0.15075 2.15641 0. 0.
"DID10"    0 1 115.73930 0. 0. 0. 0 7.29775 1.91794 0.64109 6.11029 -0.00690 0.00000 7.98283 0.45099 0.15075 2.15839 0. 0.
"DID10"    0 1 115.83930 0. 0. 0. 0 6.92057 1.85383 0.64109 6.11253 -0.00690 0.00000 7.89414 0.43592 0.15075 2.16039 0. 0.
"DID10"    0 1 115.93930 0. 0. 0. 0 6.55621 1.78972 0.64109 6.11489 -0.00690 0.00000 7.80846 0.42084 0.15075 2.16242 0. 0.
"DID10"    0 1 116.03930 0. 0. 0. 0 6.20468 1.72561 0.64109 6.11739 -0.00690 0.00000 7.72580 0.40577 0.15075 2.16447 0. 0.
"DID10"    0 1 116.13930 0. 0. 0. 0 5.86597 1.66150 0.64109 6.12002 -0.00690 0.00000 7.64616 0.39069 0.15075 2.16654 0. 0.
"DID10"    0 1 116.23930 0. 0. 0. 0 5.54008 1.59739 0.64109 6.12282 -0.00690 0.00000 7.56953 0.37562 0.15075 2.16863 0. 0.
"DID10"    0 1 116.33930 0. 0. 0. 0 5.22701 1.53329 0.64109 6.12577 -0.00690 0.00000 7.49591 0.36054 0.15075 2.17075 0. 0.
"DID10"    0 1 116.43930 0. 0. 0. 0 4.92677 1.46918 0.64109 6.12891 -0.00690 0.00000 7.42531 0.34547 0.15075 2.17288 0. 0.
"DID10"    0 1 116.53930 0. 0. 0. 0 4.63934 1.40507 0.64109 6.13224 -0.00690 0.00000 7.35772 0.33039 0.15075 2.17503 0. 0.
"DID10"    0 1 116.63930 0. 0. 0. 0 4.36474 1.34096 0.64109 6.13578 -0.00690 0.00000 7.29315 0.31532 0.15075 2.17720 0. 0.
"DID10"    0 1 116.73930 0. 0. 0. 0 4.10296 1.27685 0.64109 6.13954 -0.00690 0.00000 7.23160 0.30024 0.15075 2.17940 0. 0.
"DID10"    0 1 116.83930 0. 0. 0. 0 3.85400 1.21274 0.64109 6.14354 -0.00690 0.00000 7.17305 0.28517 0.15075 2.18161 0. 0.
"DID10"    0 1 116.93930 0. 0. 0. 0 3.61786 1.14863 0.64109 6.14780 -0.00690 0.00000 7.11753 0.27009 0.15075 2.18383 0. 0.
"DID10"    0 1 117.03930 0. 0. 0. 0 3.39454 1.08453 0.64109 6.15234 -0.00690 0.00000 7.06502 0.25502 0.15075 2.18608 0. 0.
"DID10"    0 1 117.13930 0. 0. 0. 0 3.18405 1.02042 0.64109 6.15719 -0.00690 0.00000 7.01552 0.23995 0.15075 2.18834 0. 0.
"DID10"    0 1 117.23930 0. 0. 0. 0 2.98638 0.95631 0.64109 6.16235 -0.00690 0.00000 6.96904 0.22487 0.15075 2.19061 0. 0.
"DID10"    0 1 117.33930 0. 0. 0. 0 2.80153 0.89220 0.64109 6.16785 -0.00690 0.00000 6.92557 0.20980 0.15075 2.19291 0. 0.
"DID10"    0 1 117.43930 0. 0. 0. 0 2.62950 0.82809 0.64109 6.17372 -0.00690 0.00000 6.88512 0.19472 0.15075 2.19521 0. 0.
"DID10"    0 1 117.53930 0. 0. 0. 0 2.47029 0.76398 0.64109 6.17996 -0.00690 0.00000 6.84768 0.17965 0.15075 2.19753 0. 0.
"DID10"    0 1 117.63930 0. 0. 0. 0 2.32391 0.69987 0.64109 6.18661 -0.00690 0.00000 6.81326 0.16457 0.15075 2.19986 0. 0.
"DID10"    0 1 117.73930 0. 0. 0. 0 2.19034 0.63577 0.64109 6.19367 -0.00690 0.00000 6.78185 0.14950 0.15075 2.20220 0. 0.
"DID10"    0 1 117.83930 0. 0. 0. 0 2.06960 0.57166 0.64109 6.20114 -0.00690 0.00000 6.75346 0.13442 0.15075 2.20455 0. 0.
"DID10"    0 1 117.93930 0. 0. 0. 0 1.96168 0.50755 0.64109 6.20905 -0.00690 0.00000 6.72809 0.11935 0.15075 2.20691 0. 0.
"DID10"    0 1 118.03930 0. 0. 0. 0 1.86658 0.44344 0.64109 6.21737 -0.00690 0.00000 6.70572 0.10427 0.15075 2.20928 0. 0.
"DID10"    0 1 118.13930 0. 0. 0. 0 1.78430 0.37933 0.64109 6.22609 -0.00690 0.00000 6.68638 0.08920 0.15075 2.21166 0. 0.
"DID10"    0 1 118.23930 0. 0. 0. 0 1.71485 0.31522 0.64109 6.23519 -0.00690 0.00000 6.67004 0.07412 0.15075 2.21404 0. 0.
"DID10"    0 1 118.33930 0. 0. 0. 0 1.65821 0.25111 0.64109 6.24464 -0.00690 0.00000 6.65673 0.05905 0.15075 2.21643 0. 0.
"DID10"    0 1 118.43930 0. 0. 0. 0 1.61440 0.18700 0.64109 6.25437 -0.00690 0.00000 6.64643 0.04397 0.15075 2.21882 0. 0.
"DID10"    0 1 118.53930 0. 0. 0. 0 1.58341 0.12290 0.64109 6.26433 -0.00690 0.00000 6.63914 0.02890 0.15075 2.22122 0. 0.
"DID10"    0 1 118.63930 0. 0. 0. 0 1.56524 0.05879 0.64109 6.27445 -0.00690 0.00000 6.63487 0.01382 0.15075 2.22362 0. 0.
"DOKREST"  0 1 118.73100 0. 0. 0. 0 1.55985 0.00000 0.64109 6.28379 -0.00690 0.00000 6.63360 0.00000 0.15075 2.22582 0. 0.
"MK1"      0 1 118.73100 0. 0. 0. 0 1.55985 0.00000 0.64109 6.28379 -0.00690 0.00000 6.63360 0.00000 0.15075 2.22582 0. 0.
"DISP0OK"  0 1 118.73100 0. 0. 0. 0 1.55985 0.00000 0.64109 6.28379 -0.00690 0.00000 6.63360 0.00000 0.15075 2.22582 0. 0.
"HALF2$END 0 1 118.73100 0. 0. 0. 0 1.55985 0.00000 0.64109 6.28379 -0.00690 0.00000 6.63360 0.00000 0.15075 2.22582 0. 0.
