              S           BETX           BETY             DX            DPX           ALFX           ALFY            MUX            MUY
        0.10000   1.5662640333   6.6351065636  -0.0069038356 0.83541316E-07  -0.0641086027  -0.0150747737   0.0101892566   0.0023990427
        0.20000   1.5854966640   6.6396284103  -0.0069038267 0.83541316E-07  -0.1282172054  -0.0301495474   0.0202956684   0.0047969962
        0.30000   1.6175508499   6.6471662521  -0.0069038188 0.83541316E-07  -0.1923258156  -0.0452243201   0.0302403551   0.0071927728
        0.40000   1.6624268293   6.6577186584  -0.0069038100 0.83541316E-07  -0.2564344406  -0.0602990948   0.0399519280   0.0095852930
        0.50000   1.7201246023   6.6712851524  -0.0069038025 0.83541316E-07  -0.3205429912  -0.0753738657   0.0493691377   0.0119734835
        0.60000   1.7906441689   6.6878676414  -0.0069037946 0.83541316E-07  -0.3846516311  -0.0904486403   0.0584425554   0.0143562844
        0.70000   1.8739851713   6.7074651718  -0.0069037853 0.83541316E-07  -0.4487602115  -0.1055234298   0.0671351254   0.0167326517
        0.80000   1.9701483250   6.7300772667  -0.0069037769 0.83541316E-07  -0.5128687620  -0.1205981895   0.0754218623   0.0191015508
        0.90000   2.0791330338   6.7557044029  -0.0069037685 0.83541316E-07  -0.5769774914  -0.1356729716   0.0832888335   0.0214619786
        1.00000   2.2009391785   6.7843465805  -0.0069037601 0.83541316E-07  -0.6410859823  -0.1507477462   0.0907315612   0.0238129459
        1.10000   2.3355674744   6.8160033226  -0.0069037518 0.83541316E-07  -0.7051946521  -0.1658225060   0.0977535695   0.0261534899
        1.20000   2.4830172062   6.8506755829  -0.0069037434 0.83541316E-07  -0.7693032622  -0.1808972806   0.1043644249   0.0284826756
        1.30000   2.6432886124   6.8883619308  -0.0069037359 0.83541316E-07  -0.8334119320  -0.1959720552   0.1105784029   0.0307995975
        1.40000   2.8163821697   6.9290647507  -0.0069037266 0.83541316E-07  -0.8975204229  -0.2110468447   0.1164128408   0.0331033692
        1.50000   3.0022971630   6.9727811813  -0.0069037182 0.83541316E-07  -0.9616291523  -0.2261216342   0.1218871996   0.0353931598
        1.60000   3.2010335922   7.0195136070  -0.0069037108 0.83541316E-07  -1.0257376432  -0.2411963791   0.1270219982   0.0376681387
        1.70000   3.4125916958   7.0692596436  -0.0069037019 0.83541316E-07  -1.0898463726  -0.2562711835   0.1318381578   0.0399275497
        1.80000   3.6369724274   7.1220216751  -0.0069036931 0.83541316E-07  -1.1539549828  -0.2713459730   0.1363563836   0.0421706289
        1.90000   3.8741736412   7.1777982712  -0.0069036847 0.83541316E-07  -1.2180633545  -0.2864207327   0.1405968219   0.0443966836
        2.00000   4.1241974831   7.2365894318  -0.0069036763 0.83541316E-07  -1.2821719646  -0.3014954925   0.1445788443   0.0466050617
        2.10000   4.3870429993   7.2983961105  -0.0069036679 0.83541316E-07  -1.3462805748  -0.3165702820   0.1483208537   0.0487951115
        2.20000   4.6627092361   7.3632178307  -0.0069036605 0.83541316E-07  -1.4103894234  -0.3316450119   0.1518401206   0.0509662405
        2.30000   4.9511981010   7.4310541153  -0.0069036516 0.83541316E-07  -1.4744977951  -0.3467198312   0.1551527679   0.0531178974
        2.40000   5.2525091171   7.5019054413  -0.0069036442 0.83541316E-07  -1.5386065245  -0.3617945611   0.1582738757   0.0552495830
        2.50000   5.5666408539   7.5757722855  -0.0069036349 0.83541316E-07  -1.6027150154  -0.3768693209   0.1612173915   0.0573608093
        2.60000   5.8935956955   7.6526536942  -0.0069036270 0.83541316E-07  -1.6668238640  -0.3919441402   0.1639961898   0.0594511293
        2.70000   6.2333707809   7.7325491905  -0.0069036181 0.83541316E-07  -1.7309322357  -0.4070188999   0.1666221470   0.0615201443
        2.80000   6.5859675407   7.8154616356  -0.0069036102 0.83541316E-07  -1.7950408459  -0.4220936894   0.1691062152   0.0635674968
        2.90000   6.9513869286   7.9013876915  -0.0069036013 0.83541316E-07  -1.8591494560  -0.4371684492   0.1714585274   0.0655928701
        3.00000   7.3296270370   7.9903278351  -0.0069035939 0.83541316E-07  -1.9232581854  -0.4522432089   0.1736882627   0.0675959438
        3.10000   7.7206907272   8.0822858810  -0.0069035841 0.83541316E-07  -1.9873669147  -0.4673179984   0.1758040190   0.0695764795
        3.20000   8.1245746613   8.1772565842  -0.0069035767 0.83541316E-07  -2.0514755249  -0.4823927581   0.1778135747   0.0715342388
        3.30000   8.5412807465   8.2752418518  -0.0069035678 0.83541316E-07  -2.1155838966  -0.4974675775   0.1797241867   0.0734690502
        3.40000   8.9708080292   8.3762426376  -0.0069035604 0.83541316E-07  -2.1796927452  -0.5125423074   0.1815424562   0.0753807276
        3.50000   9.4131565094   8.4802589417  -0.0069035511 0.83541316E-07  -2.2438011169  -0.5276170969   0.1832744330   0.0772691518
        3.60000   9.8683300018   8.5872898102  -0.0069035431 0.83541316E-07  -2.3079097271  -0.5426919460   0.1849257797   0.0791342407
        3.70000  10.3363208771   8.6973361969  -0.0069035343 0.83541316E-07  -2.3720183372  -0.5577666163   0.1865016520   0.0809758902
        3.80000  10.8171348572   8.8103961945  -0.0069035268 0.83541316E-07  -2.4361269474  -0.5728414059   0.1880068183   0.0827940851
        3.90000  11.3107709885   8.9264717102  -0.0069035180 0.83541316E-07  -2.5002353191  -0.5879162550   0.1894457042   0.0845887810
        4.00000  11.8172292709   9.0455627441  -0.0069035101 0.83541316E-07  -2.5643439293  -0.6029909849   0.1908223331   0.0863600001
        4.10000  12.3365097046   9.1676692963  -0.0069035012 0.83541316E-07  -2.6284527779  -0.6180657744   0.1921405047   0.0881077349
        4.20000  12.8686122894   9.2927894592  -0.0069034933 0.83541316E-07  -2.6925611496  -0.6331405640   0.1934037060   0.0898321196
        4.30000  13.4135341644   9.4209241867  -0.0069034845 0.83541316E-07  -2.7566699982  -0.6482152939   0.1946150959   0.0915331170
        4.40000  13.9712781906   9.5520744324  -0.0069034761 0.83541316E-07  -2.8207786083  -0.6632900238   0.1957776845   0.0932108909
        4.50000  14.5418453217   9.6862401962  -0.0069034677 0.83541316E-07  -2.8848872185  -0.6783648729   0.1968942881   0.0948655233
        4.60000  15.1252346039   9.8234214783  -0.0069034602 0.83541316E-07  -2.9489955902  -0.6934396625   0.1979674548   0.0964971334
        4.70000  15.7214460373   9.9636173248  -0.0069034505 0.83541316E-07  -3.0131042004  -0.7085144520   0.1989995837   0.0981059000
        4.80000  16.3304767609  10.1068267822  -0.0069034430 0.83541316E-07  -3.0772128105  -0.7235891223   0.1999928653   0.0996919200
        4.90000  16.9523277283  10.2530517578  -0.0069034342 0.83541316E-07  -3.1413216591  -0.7386639118   0.2009494007   0.1012554020
        5.00000  17.5870037079  10.4022922516  -0.0069034263 0.83541309E-07  -3.2054300308  -0.7537387609   0.2018711567   0.1027965173
        5.10000  18.2345008850  10.5545482635  -0.0069034174 0.83541316E-07  -3.2695386410  -0.7688134909   0.2027599066   0.1043154746
        5.20000  18.8948230743  10.7098197937  -0.0069034090 0.83541316E-07  -3.3336477280  -0.7838882804   0.2036173344   0.1058124602
        5.30000  19.5679588318  10.8681030273  -0.0069034006 0.83541316E-07  -3.3977556229  -0.7989630103   0.2044450492   0.1072876677
        5.40000  20.2539215088  11.0294027328  -0.0069033927 0.83541323E-07  -3.4618644714  -0.8140377998   0.2052445114   0.1087413654
        5.50000  20.9527053833  11.1937179565  -0.0069033848 0.83541316E-07  -3.5259730816  -0.8291126490   0.2060171068   0.1101737544
        5.60000  21.6643123627  11.3610496521  -0.0069033764 0.83541316E-07  -3.5900816917  -0.8441873789   0.2067641020   0.1115850955
        5.70000  22.3887405396  11.5313940048  -0.0069033671 0.83541309E-07  -3.6541907787  -0.8592622280   0.2074867785   0.1129756197
        5.80000  23.1259880066  11.7047529221  -0.0069033592 0.83541316E-07  -3.7182989120  -0.8743368983   0.2081861943   0.1143455654
        5.90000  23.8760585785  11.8811292648  -0.0069033518 0.83541316E-07  -3.7824075222  -0.8894116282   0.2088635266   0.1156952009
        6.00000  24.6389503479  12.0605182648  -0.0069033424 0.83541323E-07  -3.8465163708  -0.9044864178   0.2095197290   0.1170247495
        6.10000  25.4146614075  12.2429237366  -0.0069033345 0.83541316E-07  -3.9106242657  -0.9195611477   0.2101557255   0.1183345541
        6.20000  26.2032012939  12.4283428192  -0.0069033257 0.83541053E-07  -3.9747333527  -0.9346360564   0.2107724994   0.1196248084
        6.30000  27.0045547485  12.6167774200  -0.0069033178 0.83541316E-07  -4.0388422012  -0.9497107267   0.2113708109   0.1208958030
        6.40000  27.8187389374  12.8082256317  -0.0069033089 0.83541337E-07  -4.1029505730  -0.9647854567   0.2119514346   0.1221477985
        6.50000  28.6457366943  13.0026912689  -0.0069033010 0.83541337E-07  -4.1670589447  -0.9798604250   0.2125152647   0.1233810931
        6.60000  29.4855613708  13.2001705170  -0.0069032926 0.83540954E-07  -4.2311677933  -0.9949351549   0.2130628824   0.1245959252
        6.70000  30.3382110596  13.4006643295  -0.0069032842 0.83741043E-07  -4.2952756882  -1.0100104809   0.2135950327   0.1257925928
        6.80000  31.2680702209  13.5791044235  -0.0069096768-0.86240514E-04  -4.7717423439  -0.8129391074   0.2141124457   0.1269717813
        6.90000  32.3792037964  13.6949787140  -0.0069328109-0.39836299E-03  -6.3268103600  -0.0609580874   0.2146160007   0.1281344742
        7.00000  33.0007438660  14.0094642639  -0.0069060093-0.37009679E-04  -4.6647911072  -0.9640755057   0.2151046991   0.1292764246
        7.10000  32.5062713623  14.7928581238  -0.0067654303 0.16648134E-02   3.3635706902  -5.1881580353   0.2155823559   0.1303872764
        7.20000  30.7902450562  16.2300319672  -0.0064919712 0.39084833E-02  13.7426786423 -10.9158735275   0.2160746306   0.1314319074
        7.30000  27.8917598724  18.4821281433  -0.0060789566 0.54884306E-02  20.4675350189 -15.3627262115   0.2166134119   0.1323682964
        7.40000  24.0176753998  21.6215972900  -0.0055375765 0.56244517E-02  19.6612949371 -16.8203544617   0.2172296643   0.1331652552
        7.50000  20.1749362946  25.2585964203  -0.0049654767 0.55571031E-02  17.6119155884 -18.4857101440   0.2179504037   0.1338451058
        7.60000  16.9751338959  28.7071990967  -0.0044343947 0.54410407E-02  15.8681058884 -18.1787719727   0.2188162804   0.1344373226
        7.70000  14.4779729843  31.4316082001  -0.0039644283 0.47635161E-02  12.4260854721 -12.7755851746   0.2198533416   0.1349642426
        7.80000  12.6021680832  33.2763404846  -0.0035547118 0.38274988E-02   8.3367404938  -5.0113015175   0.2210501283   0.1354481280
        7.90000  11.2558975220  34.1164512634  -0.0032027615 0.30029980E-02   4.9037365913   1.9037339687   0.2223922461   0.1359111965
        8.00000  10.3455314636  33.8361206055  -0.0029057465 0.26527864E-02   3.4034507275   4.8211450577   0.2238653749   0.1363755465
        8.10000   9.6667528152  32.8722000122  -0.0026395773 0.27017163E-02   3.4604079723   4.3432250023   0.2254566848   0.1368535310
        8.20000   8.9876413345  32.0149955750  -0.0023692790 0.26944438E-02   3.2990584373   4.3438558578   0.2271640003   0.1373440921
        8.30000   8.3402709961  31.1521339417  -0.0020997552 0.26979276E-02   3.1794071198   4.2527766228   0.2290022969   0.1378480941
        8.40000   7.7178134918  30.3074398041  -0.0018300241 0.26973521E-02   3.0444755554   4.1970143318   0.2309860885   0.1383660436
        8.50000   7.1219649315  29.4753074646  -0.0015601639 0.26978590E-02   2.9126300812   4.1303024292   0.2331328690   0.1388985515
        8.60000   6.5540003777  28.6497116089  -0.0012912380 0.26944731E-02   2.7721500397   4.1067781448   0.2354625911   0.1394461840
        8.70000   5.9990549088  27.8985290527  -0.0010135799 0.27263039E-02   2.7110934258   3.6723289490   0.2380001247   0.1400095075
        8.80000   5.4521951675  27.2528743744  -0.0007332318 0.27712991E-02   2.7098436356   2.9100289345   0.2407827675   0.1405873597
        8.90000   4.9168372154  26.7104930878  -0.0004664172 0.27677682E-02   2.6754300594   2.2740144730   0.2438536733   0.1411776990
        9.00000   4.3975853920  26.2612419128  -0.0002125101 0.27075994E-02   2.5316057205   2.1398353577   0.2472662181   0.1417786181
        9.10000   3.9084346294  25.8317909241   0.0001225730 0.28887959E-02   2.3565897942   2.1529946327   0.2511370778   0.1423898935
        9.20000   3.4532411098  25.4220466614  -0.0000011828 0.16802298E-02   2.1929726601   2.1009764671   0.2552607358   0.1430094540
        9.30000   3.0302476883  25.0424880981  -0.0006136543-0.10109855E-02   2.0260930061   2.0512640476   0.2597259879   0.1436374485
        9.40000   2.6408932209  24.6612625122  -0.0010770482-0.32504140E-02   1.8571317196   2.0151734352   0.2649884224   0.1442767978
        9.50000   2.2866752148  24.2457866669  -0.0007419994-0.30684774E-02   1.6875662804   2.0029463768   0.2715098858   0.1449304521
        9.60000   1.9690790176  23.7634487152   0.0010408689 0.15044112E-02   1.5188692808   2.0248265266   0.2797525227   0.1456013620
        9.70000   1.6893012524  23.1866512299   0.0048655793 0.12177560E-01   1.3523516655   2.0892789364   0.2901074886   0.1462923884
        9.80000   1.4465711117  22.5199165344   0.0109695923 0.28982652E-01   1.1882355213   2.1933128834   0.3025106490   0.1470057219
        9.90000   1.2393505573  21.7805519104   0.0194487143 0.51285245E-01   1.0263186693   2.3293890953   0.3167165518   0.1477432996
       10.00000   1.0660984516  20.9858913422   0.0303983074 0.78448951E-01   0.8663970828   2.4899549484   0.3324793875   0.1485070437
       10.10000   0.9252685905  20.1532554626   0.0439140573 0.10983822E+00   0.7082628608   2.6674633026   0.3495537937   0.1492988765
       10.20000   0.8153207302  19.2999858856   0.0600911826 0.14481640E+00   0.5517133474   2.8543603420   0.3676937222   0.1501207054
       10.30000   0.7347101569  18.4434013367   0.0790254772 0.18274806E+00   0.3965407014   3.0430984497   0.3866537809   0.1509744972
       10.40000   0.6818947792  17.6008358002   0.1008122712 0.22299680E+00   0.2425410599   3.2261264324   0.4061881304   0.1518621445
       10.50000   0.6553323269  16.7896327972   0.1255467832 0.26492620E+00   0.0895106420   3.3958909512   0.4260509610   0.1527855694
       10.60000   0.6534928679  16.0269794464   0.1533245146 0.30790001E+00  -0.0627603531   3.5448794365   0.4459969699   0.1537467390
       10.70000   0.6759313941  15.3203849792   0.1842043251 0.35121453E+00  -0.2146109790   3.6682248116   0.4657904804   0.1547486186
       10.80000   0.7240471244  14.6607999802   0.2181854844 0.39405510E+00  -0.3666158915   3.7655808926   0.4852143526   0.1557960510
       10.90000   0.7994186878  14.0375823975   0.2552606463 0.43559489E+00  -0.5193678141   3.8370375633   0.5040522814   0.1568940133
       11.00000   0.9036234617  13.4400901794   0.2954220772 0.47500703E+00  -0.6734592319   3.8826854229   0.5220882297   0.1580474675
       11.10000   1.0382421017  12.8576698303   0.3386634588 0.51146591E+00  -0.8294874430   3.9026162624   0.5391063690   0.1592614353
       11.20000   1.2048505545  12.2796821594   0.3849767447 0.54414439E+00  -0.9880433083   3.8969206810   0.5548906326   0.1605408788
       11.30000   1.4050306082  11.6954689026   0.4343557060 0.57221663E+00  -1.1497241259   3.8656892776   0.5692251921   0.1618907899
       11.40000   1.6403594017  11.0943908691   0.4867926240 0.59485602E+00  -1.3151226044   3.8090138435   0.5818939209   0.1633161604
       11.50000   1.9124126434  10.4658060074   0.5422798991 0.61123580E+00  -1.4848310947   3.7269847393   0.5926806927   0.1648219526
       11.60000   2.2225265503   9.8013305664   0.6007441282 0.62070429E+00  -1.6590700150   3.6200261116   0.6014169455   0.1664144546
       11.70000   2.5698933601   9.1121253967   0.6615332365 0.62410480E+00  -1.8348169327   3.4914240837   0.6083384156   0.1681108177
       11.80000   2.9526338577   8.4192733765   0.7237038016 0.62304324E+00  -2.0074083805   3.3459181786   0.6138871908   0.1699337214
       11.90000   3.3688502312   7.7439556122   0.7863079906 0.61913121E+00  -2.1721618176   3.1882629395   0.6185067892   0.1719059795
       12.00000   3.8166427612   7.1073489189   0.8483983874 0.61398089E+00  -2.3243975639   3.0232150555   0.6226409674   0.1740503162
       12.10000   4.2979211807   6.5174226761   0.9097613692 0.61304009E+00  -2.4870743752   2.8758444786   0.6265709400   0.1763888896
       12.20000   4.8155193329   5.9534678459   0.9713758230 0.61656380E+00  -2.6741213799   2.7503128052   0.6300769448   0.1789437383
       12.30000   5.3135886192   5.4726920128   1.0279383659 0.54724091E+00  -2.4565577507   2.2696175575   0.6332119703   0.1817402542
       12.40000   5.7755541801   5.0791010857   1.0784353018 0.45076096E+00  -2.0695075989   1.6709947586   0.6360779405   0.1847676486
       12.50000   6.2077913284   4.7473783493   1.1242820024 0.41315028E+00  -1.9713940620   1.3912992477   0.6387384534   0.1880055070
       12.60000   6.6278548241   4.4549322128   1.1674013138 0.42559206E+00  -2.1216964722   1.3851354122   0.6412245631   0.1914591193
       12.70000   7.0584063530   4.1804823875   1.2099467516 0.43598470E+00  -2.2522933483   1.3867285252   0.6435524225   0.1951455921
       12.80000   7.5220046043   3.9088406563   1.2538807392 0.43823430E+00  -2.3556349277   1.3176465034   0.6457366943   0.1990832537
       12.90000   7.9912157059   3.6567075253   1.2968697548 0.42618915E+00  -2.3640978336   1.2180154324   0.6477890611   0.2032950521
       13.00000   8.3305072784   3.4801101685   1.3282656670 0.24284831E+00  -1.2658734322   0.6838128567   0.6497320533   0.2077770531
       13.10000   8.5087499619   3.3834061623   1.3461841345 0.69296867E-01  -0.2031418681   0.1882846653   0.6516146064   0.2124315500
       13.20000   8.5525875092   3.3480453491   1.3532676697 0.65524086E-01  -0.1920088977   0.1476898491   0.6534805298   0.2171604037
       13.30000   8.5947246552   3.3204200268   1.3600206375 0.68200812E-01  -0.2215552777   0.1246283054   0.6553370953   0.2219338268
       13.40000   8.6379508972   3.2996318340   1.3667901754 0.71358070E-01  -0.2414332330   0.0954697058   0.6571844220   0.2267427444
       13.50000   8.6797676086   3.2868523598   1.3735067844 0.77175401E-01  -0.2521287799   0.0584097505   0.6590223312   0.2315774411
       13.60000   8.7260990143   3.2792546749   1.3803026676 0.80898464E-01  -0.2583586872   0.0207532234   0.6608495116   0.2364318818
       13.70000   8.7828578949   3.2739863396   1.3872897625 0.78029707E-01  -0.2683802247  -0.0083759595   0.6626645327   0.2412999272
       13.80000   8.8558712006   3.2682199478   1.3945713043 0.64090505E-01  -0.2903164625  -0.0199452639   0.6644658446   0.2461756468
       13.90000   8.9406194687   3.2621698380   1.4011090994 0.36807459E-01  -0.3166412711  -0.0154182427   0.6662529111   0.2510536313
       14.00000   9.0127220154   3.2618927956   1.4036749601-0.18562195E-02  -0.3097684383  -0.0164227039   0.6680268645   0.2559298575
       14.10000   9.0567474365   3.2711532116   1.4001619816-0.45197561E-01  -0.2635075450  -0.0331000835   0.6697887182   0.2608008385
       14.20000   9.0995349884   3.2825765610   1.3936299086-0.70437752E-01  -0.3029740155  -0.0236326307   0.6715392470   0.2656641901
       14.30000   9.1734972000   3.2874960899   1.3879244328-0.54989081E-01  -0.5598911643   0.0574423186   0.6732787490   0.2705175281
       14.40000   9.2769927979   3.2875881195   1.3835400343-0.71390457E-02  -0.9770590067   0.1888211071   0.6750070453   0.2753549218
       14.50000   9.3924560547   3.2893657684   1.3794039488 0.50392292E-01  -1.4089715481   0.3179923892   0.6767233610   0.2801690698
       14.60000   9.5022392273   3.2993679047   1.3744348288 0.94805017E-01  -1.7096352577   0.3922717571   0.6784269810   0.2849527299
       14.70000   9.5886888504   3.3241345882   1.3675508499 0.10329746E+00  -1.7330443859   0.3589720726   0.6801171303   0.2896984816
       14.80000   9.6341533661   3.3702058792   1.3576710224 0.53068794E-01  -1.3331990242   0.1654058695   0.6817930937   0.2943991423
       14.90000   9.6209802628   3.4441218376   1.3437132835-0.78680083E-01  -0.3641099930  -0.2411084026   0.6834540367   0.2990473211
       15.00000   9.5213813782   3.5574052334   1.3237830400-0.28212073E+00   1.0898312330  -0.8308619261   0.6851079464   0.3036153316
       15.10000   9.2719726562   3.7390849590   1.2931275368-0.43288016E+00   2.1354572773  -1.2849068642   0.6867932081   0.3080044687
       15.20000   8.8505725861   4.0031290054   1.2498142719-0.43854266E+00   2.1154122353  -1.3705484867   0.6885497570   0.3121198416
       15.30000   8.4312572479   4.2857847214   1.2057874203-0.43795678E+00   2.0482230186  -1.4454845190   0.6903919578   0.3159628510
       15.40000   8.0437736511   4.5712633133   1.1631648540-0.42559421E+00   1.9100269079  -1.4365561008   0.6923264861   0.3195569515
       15.50000   7.6583948135   4.8764238358   1.1198165417-0.41445953E+00   1.7754666805  -1.4498190880   0.6943589449   0.3229206204
       15.60000   7.2470240593   5.2228651047   1.0736540556-0.45532107E+00   1.9764411449  -1.7545545101   0.6964948177   0.3260714412
       15.70000   6.7874536514   5.6337146759   1.0228177309-0.55233121E+00   2.5326886177  -2.3745326996   0.6987552643   0.3290141821
       15.80000   6.2689523697   6.1350498199   0.9658904076-0.61834425E+00   2.8525552750  -2.8529689312   0.7011916637   0.3317291141
       15.90000   5.7135982513   6.7198553085   0.9041211605-0.61374092E+00   2.6771421432  -2.9778227806   0.7038500309   0.3342075944
       16.00000   5.1917166710   7.3309478760   0.8426681757-0.61513394E+00   2.5426518917  -3.1317992210   0.7067731619   0.3364752531
       16.10000   4.6979389191   7.9881396294   0.7804481387-0.62026286E+00   2.4159264565  -3.2834661007   0.7100393772   0.3385537565
       16.20000   4.2303986549   8.6833591461   0.7177534103-0.62410516E+00   2.2729310989  -3.4202418327   0.7136742473   0.3404650092
       16.30000   3.7916457653   9.3976144791   0.6555271745-0.62503481E+00   2.1215028763  -3.5560750961   0.7176876068   0.3422312737
       16.40000   3.3842399120  10.1118984222   0.5947136283-0.62142569E+00   1.9694818258  -3.7049140930   0.7220895290   0.3438748121
       16.50000   3.0106999874  10.8073453903   0.5362500548-0.61166120E+00   1.8246544600  -3.8805632591   0.7268908024   0.3454179168
       16.60000   2.6721506119  11.4739217758   0.4807617068-0.59495902E+00   1.6909570694  -4.0836257935   0.7321542501   0.3468769491
       16.70000   2.3672022820  12.1172618866   0.4283167124-0.57200938E+00   1.5655101538  -4.2914175987   0.7380355597   0.3482577503
       16.80000   2.0942115784  12.7445936203   0.3789262176-0.54365325E+00   1.4447391033  -4.4788799286   0.7446996570   0.3495652378
       16.90000   1.8515385389  13.3631391525   0.3326022029-0.51073182E+00   1.3250712156  -4.6209506989   0.7523114085   0.3508043289
       17.00000   1.6375300884  13.9801521301   0.2893542051-0.47408468E+00   1.2029271126  -4.6925764084   0.7610360980   0.3519797027
       17.10000   1.4505465031  14.6028547287   0.2491942644-0.43455309E+00   1.0747343302  -4.6686930656   0.7710382938   0.3530963659
       17.20000   1.2889440060  15.2384786606   0.2121335864-0.39297765E+00   0.9369182587  -4.5242414474   0.7824833393   0.3541590869
       17.30000   1.1510784626  15.8942518234   0.1781833470-0.35019919E+00   0.7859040499  -4.2341613770   0.7955361605   0.3551727533
       17.40000   1.0353076458  16.5773963928   0.1473552734-0.30705926E+00   0.6181200743  -3.7734045982   0.8103611469   0.3561422527
       17.50000   0.9401373863  17.2943305969   0.1196515709-0.26437986E+00   0.4308906794  -3.1248834133   0.8270835280   0.3570721745
       17.60000   0.8654653430  18.0439357758   0.0950059146-0.22283272E+00   0.2296817005  -2.3433306217   0.8454605341   0.3579654396
       17.70000   0.8119192123  18.8211364746   0.0733141899-0.18300807E+00   0.0242537167  -1.5214142799   0.8650563955   0.3588240147
       17.80000   0.7801331282  19.6208152771   0.0544719510-0.14549541E+00  -0.1755935848  -0.7521430850   0.8854337931   0.3596497774
       17.90000   0.7707412243  20.4378509521   0.0383750461-0.11088473E+00  -0.3600570858  -0.1285383701   0.9061547518   0.3604447246
       18.00000   0.7843773365  21.2671585083   0.0249183998-0.79764217E-01  -0.5193444490   0.2564142942   0.9267826080   0.3612107933
       18.10000   0.8216761351  22.1036128998   0.0139979078-0.52724004E-01  -0.6436522603   0.3096905947   0.9468793273   0.3619498909
       18.20000   0.8832716346  22.9421005249   0.0055091325-0.30353554E-01  -0.7231809497  -0.0617184304   0.9660075903   0.3626639247
       18.30000   0.9697980881  23.7775115967  -0.0006523753-0.13242326E-01  -0.7481304407  -0.9508253932   0.9837297797   0.3633548915
       18.40000   1.0818961859  24.6046142578  -0.0045916075-0.19772470E-02  -0.7088322639  -2.4494595528   0.9996088743   0.3640247285
       18.50000   1.2221463919  25.3951263428  -0.0065482249 0.34506647E-02  -0.6244252920  -4.3938913345   1.0134003162   0.3646754622
       18.60000   1.3974862099  26.0686168671  -0.0070650429 0.43930188E-02  -0.5790584087  -6.0434799194   1.0252900124   0.3653092980
       18.70000   1.6154531240  26.5375194550  -0.0067265537 0.23857937E-02  -0.6657896042  -6.5785522461   1.0355234146   0.3659285009
       18.80000   1.8835843801  26.7142715454  -0.0061172522-0.10350314E-02  -0.9776771069  -5.1794347763   1.0443460941   0.3665353060
       18.90000   2.2094976902  26.5111694336  -0.0058200760-0.43365601E-02  -1.6071062088  -1.0335996151   1.0520026684   0.3671320081
       19.00000   2.6154570580  25.8150062561  -0.0061571952-0.65125208E-02  -2.5361657143   5.4902067184   1.0586581230   0.3677288294
       19.10000   3.1546320915  24.4586982727  -0.0068995431-0.76693688E-02  -3.5136442184  11.5250816345   1.0643070936   0.3683525026
       19.20000   3.8834943771  22.2724590302  -0.0077491011-0.80557484E-02  -4.2604017258  13.9137268066   1.0689237118   0.3690318465
       19.30000   4.7839717865  19.5725708008  -0.0085421065-0.79955086E-02  -4.6997442245  12.6870403290   1.0726078749   0.3697946668
       19.40000   5.7807421684  17.1060810089  -0.0093498491-0.80731753E-02  -5.2472157478  12.0022077560   1.0756363869   0.3706638813
       19.50000   6.8503389359  14.8361043930  -0.0101372572-0.78599509E-02  -5.5632052422  10.9153547287   1.0781652927   0.3716643751
       19.60000   7.7260313034  13.2158737183  -0.0107303001-0.52197929E-02  -3.9245767593   7.2613096237   1.0803419352   0.3728164434
       19.70000   8.3189649582  12.2506246567  -0.0110943001-0.16739322E-02  -1.4689128399   2.8284912109   1.0822961330   0.3740805387
       19.80000   8.5798740387  11.8463172913  -0.0112232547 0.54944912E-03   0.1117913648   0.1308263242   1.0841541290   0.3754063845
       19.90000   8.5608119965  11.8146362305  -0.0111701926 0.48904645E-03   0.0564999245   0.1944989860   1.0860123634   0.3767513633
       20.00000   8.5506858826  11.7765483856  -0.0111212982 0.48763651E-03   0.0437652171   0.1874019206   1.0878725052   0.3781006336
       20.10000   8.5434875488  11.7394886017  -0.0110727735 0.49146893E-03   0.0348121785   0.1740156412   1.0897347927   0.3794542253
       20.20000   8.5378770828  11.7051258087  -0.0110237710 0.48853527E-03   0.0209784061   0.1687465906   1.0915985107   0.3808119297
       20.30000   8.5348510742  11.6722221375  -0.0109749204 0.48775272E-03   0.0086959153   0.1608967930   1.0934628248   0.3821735978
       20.40000   8.5343112946  11.6409015656  -0.0109261628 0.48825913E-03  -0.0026537336   0.1514993012   1.0953278542   0.3835389614
       20.50000   8.5360994339  11.6113567352  -0.0108773932 0.48866874E-03  -0.0140679087   0.1422134787   1.0971927643   0.3849079013
       20.60000   8.5402107239  11.5835914612  -0.0108286124 0.48892549E-03  -0.0255888589   0.1331082433   1.0990568399   0.3862802684
       20.70000   8.5466489792  11.5576047897  -0.0107798204 0.48904878E-03  -0.0372048616   0.1241621971   1.1009197235   0.3876557946
       20.80000   8.5554189682  11.5333919525  -0.0107310219 0.48905768E-03  -0.0489042066   0.1153538823   1.1027811766   0.3890343308
       20.90000   8.5665235519  11.5109462738  -0.0106822178 0.48897159E-03  -0.0606749468   0.1066620275   1.1046402454   0.3904156089
       21.00000   8.5799684525  11.4902639389  -0.0106334090 0.48880983E-03  -0.0725058168   0.0980648622   1.1064966917   0.3917995393
       21.10000   8.5957555771  11.4713401794  -0.0105846003 0.48859161E-03  -0.0843848586   0.0895411000   1.1083500385   0.3931857944
       21.20000   8.6138916016  11.4541702271  -0.0105357934 0.48833620E-03  -0.0963003859   0.0810693130   1.1101995707   0.3945742548
       21.30000   8.6343774796  11.4387502670  -0.0104869902 0.48806291E-03  -0.1082406491   0.0726280436   1.1120450497   0.3959646821
       21.40000   8.6572189331  11.4250745773  -0.0104381945 0.48779085E-03  -0.1201935709   0.0641960278   1.1138857603   0.3973569274
       21.50000   8.6824150085  11.4131431580  -0.0103894025 0.48753605E-03  -0.1321451962   0.0557514988   1.1157214642   0.3987507224
       21.60000   8.7099609375  11.4029617310  -0.0103406142 0.48731215E-03  -0.1440787762   0.0472731739   1.1175515652   0.4001458287
       21.70000   8.7398548126  11.3945341110  -0.0102918297 0.48713270E-03  -0.1559777856   0.0387396254   1.1193757057   0.4015421271
       21.80000   8.7720899582  11.3878660202  -0.0102430452 0.48701125E-03  -0.1678256392   0.0301294085   1.1211934090   0.4029392898
       21.90000   8.8066635132  11.3829603195  -0.0101942597 0.48696130E-03  -0.1796055734   0.0214212444   1.1230041981   0.4043371677
       22.00000   8.8435707092  11.3798208237  -0.0101454686 0.48699643E-03  -0.1913014948   0.0125933755   1.1248078346   0.4057355523
       22.10000   8.8828086853  11.3784542084  -0.0100966720 0.48713014E-03  -0.2028965950   0.0036245163   1.1266036034   0.4071342349
       22.20000   8.9243726730  11.3788623810  -0.0100478679 0.48737600E-03  -0.2143743336  -0.0055067688   1.1283912659   0.4085329473
       22.30000   8.9682579041  11.3810501099  -0.0099990536 0.48774757E-03  -0.2257181406  -0.0148219159   1.1301704645   0.4099314213
       22.40000   9.0144615173  11.3850240707  -0.0099502280 0.48825581E-03  -0.2369140387  -0.0243384279   1.1319403648   0.4113296270
       22.50000   9.0629892349  11.3907775879  -0.0099013932 0.48886990E-03  -0.2479941696  -0.0340124294   1.1337012053   0.4127271771
       22.60000   9.1138496399  11.3982992172  -0.0098525546 0.48952491E-03  -0.2590274513  -0.0437487327   1.1354522705   0.4141239524
       22.70000   9.1670551300  11.4075775146  -0.0098037152 0.49015455E-03  -0.2700840533  -0.0534508489   1.1371934414   0.4155197144
       22.80000   9.2226171494  11.4185981750  -0.0097548803 0.49069297E-03  -0.2812342048  -0.0630222708   1.1389242411   0.4169142842
       22.90000   9.2805442810  11.4313545227  -0.0097060585 0.49107400E-03  -0.2925478220  -0.0723663196   1.1406444311   0.4183073640
       23.00000   9.3408517838  11.4458312988  -0.0096572507 0.49123162E-03  -0.3040955961  -0.0813868493   1.1423537731   0.4196988344
       23.10000   9.4035482407  11.4620170593  -0.0096084634 0.49109966E-03  -0.3159475327  -0.0899871886   1.1440520287   0.4210884571
       23.20000   9.4686470032  11.4799003601  -0.0095597012 0.49061212E-03  -0.3281737566  -0.0980708227   1.1457388401   0.4224760234
       23.30000   9.5361557007  11.4994697571  -0.0095109707 0.48970291E-03  -0.3408444822  -0.1055412740   1.1474137306   0.4238613248
       23.40000   9.6060876846  11.5207118988  -0.0094622765 0.48830605E-03  -0.3540297151  -0.1123018861   1.1490767002   0.4252441525
       23.50000   9.6782178879  11.5438671112  -0.0094135161 0.48782537E-03  -0.3662528992  -0.1203921586   1.1507273912   0.4266242385
       23.60000   9.7537145615  11.5677137375  -0.0093652084 0.48100363E-03  -0.3851488233  -0.1192710623   1.1523655653   0.4280015230
       23.70000   9.8269672394  11.5981016159  -0.0093148649 0.50266407E-03  -0.3740735948  -0.1595251262   1.1539911032   0.4293755889
       23.80000   9.9170827866  11.6151103973  -0.0092709698 0.43417106E-03  -0.4578652382  -0.0688158497   1.1556042433   0.4307467341
       23.90000   9.9690437317  11.6761350632  -0.0092090834 0.61660982E-03  -0.2776362896  -0.3426804245   1.1572029591   0.4321134090
       24.00000   9.6504478455  12.1623592377  -0.0089775613 0.27630103E-02   1.9478664398  -3.5064971447   1.1588011980   0.4334554076
       24.10000   8.9491977692  13.2164144516  -0.0085561462 0.56336522E-02   4.8341522217  -7.8976545334   1.1604899168   0.4347256422
       24.20000   7.9179115295  14.9297065735  -0.0079514664 0.74230172E-02   6.3913760185 -11.0488510132   1.1623731852   0.4358726442
       24.30000   6.6956176758  17.2173595428  -0.0072103511 0.73686838E-02   5.8083896637 -11.7853450775   1.1645597219   0.4368648231
       24.40000   5.5851283073  19.6595726013  -0.0064738388 0.73763318E-02   5.2982835770 -12.6251716614   1.1671619415   0.4377299249
       24.50000   4.5756039619  22.2795028687  -0.0057387901 0.73795482E-02   4.7873106003 -13.5281286240   1.1703073978   0.4384906292
       24.60000   3.7854297161  24.2442092896  -0.0049229362 0.71386099E-02   3.8491618633 -10.2825126648   1.1742320061   0.4391716421
       24.70000   3.2041153908  25.4249553680  -0.0042382237 0.62720198E-02   2.6742196083  -4.0436100960   1.1789066792   0.4398015738
       24.80000   2.7636945248  25.9923133850  -0.0039926455 0.43187672E-02   1.6196458340   2.0743222237   1.1842095852   0.4404099882
       24.90000   2.4050905704  26.1038951874  -0.0043577086 0.11329369E-02   0.9700428843   5.5573768616   1.1900796890   0.4410221577
       25.00000   2.1078262329  25.8607673645  -0.0049123615-0.20638509E-02   0.6947959661   6.4999895096   1.1967159510   0.4416453540
       25.10000   1.8619232178  25.3486442566  -0.0050747497-0.36786855E-02   0.6778163314   5.7040090561   1.2043876648   0.4422819018
       25.20000   1.6573952436  24.6532478333  -0.0042630192-0.21187051E-02   0.8029967546   3.9713952541   1.2133643627   0.4429340959
       25.30000   1.4842565060  23.8603096008  -0.0018953135 0.42089578E-02   0.9542299509   2.1041092873   1.2239155769   0.4436043203
       25.40000   1.3341239691  23.0422592163   0.0025313732 0.16536523E-01   1.0365391970   0.7570775747   1.2362209558   0.4442947805
       25.50000   1.2050840855  22.2176494598   0.0092015816 0.34638185E-01   1.0404930115  -0.0101300050   1.2500977516   0.4450075328
       25.60000   1.0968708992  21.3914451599   0.0182189569 0.57918452E-01   0.9782976508  -0.2884808481   1.2652709484   0.4457446039
       25.70000   1.0092157125  20.5686054230   0.0296872240 0.85781954E-01   0.8621620536  -0.1689679623   1.2814657688   0.4465080500
       25.80000   0.9418492317  19.7540817261   0.0437100977 0.11763337E+00   0.7042946815   0.2574131489   1.2984071970   0.4472999275
       25.90000   0.8945035934  18.9528427124   0.0603909567 0.15287665E+00   0.5169075727   0.8996533751   1.3158202171   0.4481221437
       26.00000   0.8669080138  18.1698131561   0.0798341483 0.19091779E+00   0.3122022748   1.6667832136   1.3334306479   0.4489768445
       26.10000   0.8587946296  17.4099655151   0.1021431088 0.23116080E+00   0.1023905724   2.4677977562   1.3509631157   0.4498659968
       26.20000   0.8698945045  16.6782512665   0.1274215430 0.27301037E+00  -0.1003189310   3.2117013931   1.3681429625   0.4507915676
       26.30000   0.8999620676  15.9794416428   0.1557714641 0.31586739E+00  -0.2839683890   3.8092715740   1.3846987486   0.4517557025
       26.40000   0.9494347572  15.3129682541   0.1872431338 0.35902283E+00  -0.4439269304   4.2230892181   1.4004667997   0.4527617693
       26.50000   1.0195285082  14.6721458435   0.2218309641 0.40164620E+00  -0.5838915110   4.4745535851   1.4154062271   0.4538149238
       26.60000   1.1114991903  14.0500020981   0.2595243454 0.44289798E+00  -0.7079991698   4.5882210732   1.4294815063   0.4549201727
       26.70000   1.2266027927  13.4395475388   0.3003132343 0.48193917E+00  -0.8203905821   4.5886569023   1.4426578283   0.4560826719
       26.80000   1.3660962582  12.8337965012   0.3441876173 0.51793116E+00  -0.9252058864   4.5004243851   1.4548997879   0.4573075175
       26.90000   1.5312321186  12.2257728577   0.3911366165 0.55003446E+00  -1.0265839100   4.3480920792   1.4661726952   0.4585996866
       27.00000   1.7232728004  11.6084661484   0.4411518574 0.57741159E+00  -1.1286687851   4.1562180519   1.4764416218   0.4599645138
       27.10000   1.9434722662  10.9749011993   0.4942227006 0.59922296E+00  -1.2355990410   3.9493691921   1.4856714010   0.4614070058
       27.20000   2.1930868626  10.3180904388   0.5503389239 0.61462986E+00  -1.3515150547   3.7521102428   1.4938272238   0.4629322886
       27.30000   2.4729862213   9.6342039108   0.6093743443 0.62309945E+00  -1.4791676998   3.5842490196   1.5008995533   0.4645476341
       27.40000   2.7819890976   8.9361238480   0.6705859900 0.62571830E+00  -1.6139482260   3.4404087067   1.5070145130   0.4662726820
       27.50000   3.1182584763   8.2422065735   0.7330316305 0.62410742E+00  -1.7488297224   3.3069038391   1.5123428106   0.4681307673
       27.60000   3.4799385071   7.5708446503   0.7957652807 0.61988771E+00  -1.8767762184   3.1700501442   1.5170552731   0.4701454043
       27.70000   3.8652036190   6.9403471947   0.8578469753 0.61470610E+00  -1.9909377098   3.0163536072   1.5213222504   0.4723399580
       27.80000   4.2776317596   6.3515033722   0.9194194674 0.61588657E+00  -2.1248674393   2.8747935295   1.5252431631   0.4747372568
       27.90000   4.7136435509   5.7930822372   0.9808231592 0.61312413E+00  -2.2393989563   2.7157883644   1.5287870169   0.4773615599
       28.00000   5.1180934906   5.3244242668   1.0365185738 0.53324366E+00  -1.9491829872   2.1884529591   1.5320191383   0.4802367687
       28.10000   5.4838285446   4.9385838509   1.0863515139 0.44125149E+00  -1.5772155523   1.6203236580   1.5350140333   0.4833480120
       28.20000   5.8191347122   4.6107697487   1.1317843199 0.41450751E+00  -1.5143431425   1.3983758688   1.5378341675   0.4866782129
       28.30000   6.1425466537   4.3191132545   1.1748168468 0.43000913E+00  -1.6515941620   1.4069284201   1.5405015945   0.4902379513
       28.40000   6.4756002426   4.0427951813   1.2176004648 0.43649718E+00  -1.7395696640   1.3873776197   1.5430264473   0.4940459728
       28.50000   6.8382964134   3.7693095207   1.2619917393 0.44375056E+00  -1.8454375267   1.3262851238   1.5454182625   0.4981230497
       28.60000   7.1858897209   3.5240142345   1.3038940430 0.40892255E+00  -1.7100615501   1.1697306633   1.5476870537   0.5024949312
       28.70000   7.4053649902   3.3566405773   1.3333477974 0.21055691E+00  -0.6426548958   0.6119277477   1.5498594046   0.5071448088
       28.80000   7.4805812836   3.2663598061   1.3493323326 0.60234107E-01   0.1732499003   0.1895233095   1.5519903898   0.5119655132
       28.90000   7.4524760246   3.2290205956   1.3558337688 0.69878414E-01   0.1063819528   0.1824653149   1.5541228056   0.5168653727
       29.00000   7.4330577850   3.1954915524   1.3628563881 0.69217116E-01   0.0955064595   0.1493724138   1.5562610626   0.5218206644
       29.10000   7.4125375748   3.1703243256   1.3697003126 0.73216036E-01   0.0748303533   0.1180592477   1.5584057570   0.5268216133
       29.20000   7.3923540115   3.1529586315   1.3765220642 0.79003200E-01   0.0630841553   0.0792584866   1.5605554581   0.5318584442
       29.30000   7.3773627281   3.1406798363   1.3834404945 0.82007557E-01   0.0544155836   0.0411810577   1.5627086163   0.5369238853
       29.40000   7.3724098206   3.1307666302   1.3905687332 0.77733845E-01   0.0420570672   0.0125544276   1.5648630857   0.5420109034
       29.50000   7.3820447922   3.1206002235   1.3979796171 0.61764300E-01   0.0196741931   0.0017494247   1.5670163631   0.5471127033
       29.60000   7.3996672630   3.1113936901   1.4042395353 0.32584853E-01  -0.0028804231   0.0038945335   1.5691684484   0.5522230268
       29.70000   7.4045081139   3.1092326641   1.4059991837-0.75949291E-02   0.0047584334  -0.0027093557   1.5713198185   0.5573368669
       29.80000   7.3884592056   3.1162934303   1.4018445015-0.49907651E-01   0.0339388661  -0.0211103708   1.5734715462   0.5624496937
       29.90000   7.3761653900   3.1245574951   1.3953261375-0.70013836E-01  -0.0212950408  -0.0067424756   1.5756238699   0.5675579309
       30.00000   7.3911547661   3.1266703606   1.3899892569-0.48095800E-01  -0.2492468804   0.0779871643   1.5777769089   0.5726578236
       30.10000   7.4282622337   3.1257152557   1.3858203888 0.28646593E-02  -0.5838628411   0.2031669617   1.5799300671   0.5777416825
       30.20000   7.4736909866   3.1279191971   1.3817356825 0.60015362E-01  -0.9126440287   0.3185734153   1.5820813179   0.5828009844
       30.30000   7.5136389732   3.1395089626   1.3766500950 0.10050225E+00  -1.1230829954   0.3739789426   1.5842294693   0.5878269672
       30.40000   7.5343065262   3.1667098999   1.3694795370 0.10147169E+00  -1.1026744843   0.3191585541   1.5863732100   0.5928108692
       30.50000   7.5218954086   3.2157514095   1.3591392040 0.40069893E-01  -0.7389120460   0.1038833261   1.5885109901   0.5977444053
       30.60000   7.4625525475   3.2928910255   1.3445390463-0.10633904E+00   0.0795235038  -0.3215500116   1.5906414986   0.6026185751
       30.70000   7.3312902451   3.4114508629   1.3233809471-0.31194496E+00   1.1999697685  -0.8905979991   1.5927801132   0.6073932648
       30.80000   7.0780401230   3.6006553173   1.2906465530-0.44182810E+00   1.8752346039  -1.2749104500   1.5949801207   0.6119578481
       30.90000   6.7086362839   3.8634729385   1.2463972569-0.43645367E+00   1.7818310261  -1.3353484869   1.5972900391   0.6162246466
       31.00000   6.3582477570   4.1376132965   1.2027342319-0.43786368E+00   1.7271993160  -1.4109119177   1.5997265577   0.6202062964
       31.10000   6.0313825607   4.4167847633   1.1601451635-0.42243522E+00   1.5934395790  -1.3924179077   1.6022996902   0.6239265800
       31.20000   5.7060680389   4.7186441422   1.1165065765-0.41596946E+00   1.4985704422  -1.4346520901   1.6050188541   0.6274050474
       31.30000   5.3615751266   5.0639567375   1.0697307587-0.46832567E+00   1.6844735146  -1.7905015945   1.6078946590   0.6306599975
       31.40000   4.9832005501   5.4754781723   1.0180306435-0.56725168E+00   2.0841960907  -2.4002089500   1.6109632254   0.6336923242
       31.50000   4.5643715858   5.9781031609   0.9600434303-0.62085348E+00   2.2349417210  -2.8030600548   1.6142935753   0.6364808679
       31.60000   4.1313667297   6.5520954132   0.8980888724-0.61360055E+00   2.0693211555  -2.9151740074   1.6179649830   0.6390234232
       31.70000   3.7297179699   7.1521601677   0.8365573883-0.61648643E+00   1.9534392357  -3.0720300674   1.6220073700   0.6413483620
       31.80000   3.3524022102   7.7987785339   0.7741476893-0.62153089E+00   1.8338174820  -3.2184801102   1.6264090538   0.6434781551
       31.90000   2.9992873669   8.4799842834   0.7114078999-0.62503290E+00   1.7026814222  -3.3526268005   1.6313147545   0.6454360485
       32.00000   2.6722123623   9.1774215698   0.6492806673-0.62536973E+00   1.5670509338  -3.4881577492   1.6368954182   0.6472456455
       32.10000   2.3730292320   9.8727045059   0.5887109041-0.62091851E+00   1.4339504242  -3.6387557983   1.6433212757   0.6489303112
       32.20000   2.1035618782  10.5477657318   0.5306339264-0.61009151E+00   1.3102556467  -3.8175573349   1.6507608891   0.6505129933
       32.30000   1.8642400503  11.1957578659   0.4755680561-0.59238267E+00   1.1979221106  -4.0209040642   1.6592907906   0.6520090699
       32.40000   1.6538919210  11.8229389191   0.4235491753-0.56855702E+00   1.0931367874  -4.2253708839   1.6688833237   0.6534242630
       32.50000   1.4712769985  12.4362468719   0.3745912015-0.53945529E+00   0.9917678833  -4.4063782692   1.6795024872   0.6547634602
       32.60000   1.3151251078  13.0427188873   0.3287004232-0.50591433E+00   0.8896679878  -4.5393753052   1.6911139488   0.6560319066
       32.70000   1.1841914654  13.6492919922   0.2858904004-0.46877551E+00   0.7827053070  -4.5997881889   1.7036819458   0.6572346091
       32.80000   1.0772136450  14.2629776001   0.2461691797-0.42887670E+00   0.6667365432  -4.5630602837   1.7171721458   0.6583767533
       32.90000   0.9929324389  14.8907871246   0.2095454931-0.38705501E+00   0.5376169086  -4.4046196938   1.7315496206   0.6594634652
       33.00000   0.9300976992  15.5396575928   0.1760321558-0.34415275E+00   0.3912166953  -4.0999150276   1.7467789650   0.6604998112
       33.10000   0.8874485493  16.2166290283   0.1456366181-0.30100548E+00   0.2233850062  -3.6243569851   1.7628257275   0.6614908576
       33.20000   0.8639129400  16.9272117615   0.1183576509-0.25842655E+00   0.0319386683  -2.9671599865   1.7796249390   0.6624414325
       33.30000   0.8594142199  17.6691703796   0.0941159576-0.21706441E+00  -0.1746012568  -2.1932780743   1.7969570160   0.6633541584
       33.40000   0.8742216825  18.4375820160   0.0728070438-0.17751291E+00  -0.3840380907  -1.3936500549   1.8145480156   0.6642311811
       33.50000   0.9086025953  19.2274360657   0.0543288589-0.14037032E+00  -0.5841473937  -0.6593296528   1.8321211338   0.6650744081
       33.60000   0.9628282785  20.0338363647   0.0385762788-0.10622914E+00  -0.7627355456  -0.0812596977   1.8494029045   0.6658859849
       33.70000   1.0371632576  20.8517704010   0.0254467689-0.75687237E-01  -0.9075807333   0.2495227307   1.8661174774   0.6666678190
       33.80000   1.1318777800  21.6763153076   0.0148359854-0.49338516E-01  -1.0064821243   0.2420524806   1.8819903135   0.6674219370
       33.90000   1.2472450733  22.5025520325   0.0066399388-0.27777506E-01  -1.0472322702  -0.1946858019   1.8967475891   0.6681503654
       34.00000   1.3835248947  23.3254585266   0.0007555424-0.11601117E-01  -1.0176196098  -1.1516529322   1.9101130962   0.6688551903
       34.10000   1.5410655737  24.1395721436  -0.0029247520-0.13879293E-02  -0.9063422084  -2.7135941982   1.9218168259   0.6695384383
       34.20000   1.7238936424  24.9085502625  -0.0046898481 0.31147252E-02  -0.7509731650  -4.6250157356   1.9317941666   0.6702021956
       34.30000   1.9415571690  25.5504055023  -0.0050997669 0.33994780E-02  -0.6617137194  -6.1250982285   1.9402902126   0.6708487272
       34.40000   2.2040553093  25.9794273376  -0.0047363122 0.10589270E-02  -0.7546758056  -6.4118986130   1.9475741386   0.6714803576
       34.50000   2.5213565826  26.1098461151  -0.0041813543-0.23139780E-02  -1.1459596157  -4.6834449768   1.9539155960   0.6720995903
       34.60000   2.9039742947  25.8552131653  -0.0040090708-0.51443079E-02  -1.9476370811  -0.1713084877   1.9595808983   0.6727086902
       34.70000   3.3853394985  25.0954627991  -0.0044409917-0.66706659E-02  -3.0840997696   6.3402166367   1.9646809101   0.6733211875
       34.80000   4.0310297012  23.6635169983  -0.0052057635-0.72694514E-02  -4.2176842690  11.8981513977   1.9691104889   0.6739653945
       34.90000   4.9058194160  21.4054641724  -0.0060007814-0.73971297E-02  -5.0005574226  13.4976520538   1.9727535248   0.6746706963
       35.00000   5.9556465149  18.7872924805  -0.0067246780-0.73472122E-02  -5.4380874634  12.2169399261   1.9756858349   0.6754650474
       35.10000   7.1155185699  16.3985252380  -0.0074723731-0.74655614E-02  -6.1006221771  11.6565341949   1.9781341553   0.6763708591
       35.20000   8.3077239990  14.2584266663  -0.0081810942-0.70406515E-02  -6.1281785965  10.2553844452   1.9802026749   0.6774153113
       35.30000   9.2310810089  12.7829198837  -0.0087233130-0.46742205E-02  -3.8877873421   6.3978662491   1.9820069075   0.6786105037
       35.40000   9.8062677383  11.9350833893  -0.0090799779-0.18491371E-02  -1.0045742989   2.1512765884   1.9836524725   0.6799114943
       35.50000   9.9816522598  11.6227474213  -0.0092448629-0.36260215E-03   0.5406758785  -0.0291528143   1.9852435589   0.6812663078
       35.60000   9.8768386841  11.6183032990  -0.0092828972-0.51281933E-03   0.3709004819   0.1802563518   1.9868491888   0.6826355457
       35.70000   9.8037672043  11.5849828720  -0.0093339831-0.48052747E-03   0.3931605816   0.1245626733   1.9884656668   0.6840074062
       35.80000   9.7267074585  11.5600147247  -0.0093822610-0.48752880E-03   0.3740765452   0.1259440631   1.9900956154   0.6853827238
       35.90000   9.6531620026  11.5355787277  -0.0094310641-0.48724207E-03   0.3626600206   0.1167387068   1.9917383194   0.6867609024
       36.00000   9.5817470551  11.5131330490  -0.0094797648-0.48832130E-03   0.3498081565   0.1095173508   1.9933933020   0.6881420016
       36.10000   9.5128555298  11.4922504425  -0.0095285503-0.48825174E-03   0.3381645381   0.1006266922   1.9950603247   0.6895257235
       36.20000   9.4463939667  11.4730358124  -0.0095773712-0.48763384E-03   0.3270937800   0.0909433663   1.9967393875   0.6909117103
       36.30000   9.3822584152  11.4555997849  -0.0096261855-0.48708715E-03   0.3159408867   0.0813689306   1.9984301329   0.6922999620
       36.40000   9.3204402924  11.4399452209  -0.0096749887-0.48666709E-03   0.3046486080   0.0719825327   2.0001325607   0.6936903000
       36.50000   9.2609443665  11.4260730743  -0.0097237807-0.48636430E-03   0.2932297587   0.0627696216   2.0018463135   0.6950823665
       36.60000   9.2037734985  11.4139776230  -0.0097725652-0.48616919E-03   0.2816953063   0.0537142232   2.0035703182   0.6964761019
       36.70000   9.1489315033  11.4036579132  -0.0098213404-0.48607236E-03   0.2700582147   0.0448017493   2.0053050518   0.6978710890
       36.80000   9.0964221954  11.3951072693  -0.0098701119-0.48606435E-03   0.2583299279   0.0360165834   2.0070500374   0.6992672682
       36.90000   9.0462427139  11.3883247375  -0.0099188806-0.48613577E-03   0.2465219498   0.0273431297   2.0088043213   0.7006644011
       37.00000   8.9984054565  11.3833045959  -0.0099676438-0.48627710E-03   0.2346471548   0.0187667608   2.0105683804   0.7020622492
       37.10000   8.9529056549  11.3800458908  -0.0100164097-0.48647876E-03   0.2227165550   0.0102715595   2.0123412609   0.7034605742
       37.20000   8.9097518921  11.3785438538  -0.0100651737-0.48673147E-03   0.2107430100   0.0018429009   2.0141232014   0.7048591971
       37.30000   8.8689441681  11.3787956238  -0.0101139406-0.48702568E-03   0.1987380385  -0.0065348167   2.0159132481   0.7062578201
       37.40000   8.8304843903  11.3807964325  -0.0101627111-0.48735196E-03   0.1867131293  -0.0148771815   2.0177111626   0.7076563835
       37.50000   8.7943820953  11.3845434189  -0.0102114873-0.48770080E-03   0.1746811122  -0.0231988318   2.0195169449   0.7090545893
       37.60000   8.7606315613  11.3900356293  -0.0102602718-0.48806245E-03   0.1626528054  -0.0315157138   2.0213301182   0.7104522586
       37.70000   8.7292385101  11.3972692490  -0.0103090601-0.48842421E-03   0.1506388485  -0.0398428589   2.0231502056   0.7118489742
       37.80000   8.7001972198  11.4062538147  -0.0103578530-0.48877177E-03   0.1386474371  -0.0481964350   2.0249764919   0.7132448554
       37.90000   8.6735038757  11.4169902802  -0.0104066506-0.48909092E-03   0.1266867816  -0.0565925986   2.0268089771   0.7146395445
       38.00000   8.6491565704  11.4294795990  -0.0104554463-0.48936746E-03   0.1147664338  -0.0650465712   2.0286464691   0.7160327435
       38.10000   8.6271533966  11.4437294006  -0.0105042439-0.48958720E-03   0.1028941497  -0.0735748410   2.0304889679   0.7174243927
       38.20000   8.6074905396  11.4597396851  -0.0105530359-0.48973574E-03   0.0910794884  -0.0821925998   2.0323359966   0.7188141346
       38.30000   8.5901641846  11.4775161743  -0.0106018260-0.48979896E-03   0.0793306604  -0.0909160078   2.0341868401   0.7202019095
       38.40000   8.5751733780  11.4970626831  -0.0106506115-0.48976252E-03   0.0676558688  -0.0997612923   2.0360414982   0.7215874195
       38.50000   8.5625143051  11.5183811188  -0.0106993867-0.48961223E-03   0.0560646653  -0.1087435782   2.0378990173   0.7229704857
       38.60000   8.5521831512  11.5414762497  -0.0107481536-0.48933382E-03   0.0445648246  -0.1178794354   2.0397589207   0.7243509293
       38.70000   8.5441789627  11.5663490295  -0.0107969083-0.48891315E-03   0.0331658795  -0.1271840036   2.0416207314   0.7257285118
       38.80000   8.5384969711  11.5930080414  -0.0108456528-0.48833585E-03   0.0218760408  -0.1366734505   2.0434839725   0.7271029949
       38.90000   8.5351352692  11.6214513779  -0.0108943824-0.48759067E-03   0.0107014365  -0.1463604867   2.0453481674   0.7284741402
       39.00000   8.5341339111  11.6516323090  -0.0109431213-0.48702661E-03  -0.0006086357  -0.1558259130   2.0472133160   0.7298419476
       39.10000   8.5356111526  11.6834020615  -0.0109919487-0.48769417E-03  -0.0128092496  -0.1638129354   2.0490782261   0.7312060595
       39.20000   8.5392999649  11.7170906067  -0.0110406894-0.48716436E-03  -0.0241444074  -0.1732367873   2.0509424210   0.7325662374
       39.30000   8.5468215942  11.7506933212  -0.0110903736-0.49997889E-03  -0.0451057181  -0.1666523516   2.0528054237   0.7339226007
       39.40000   8.5502071381  11.7940845490  -0.0111359581-0.45478562E-03  -0.0242220350  -0.2296563089   2.0546669960   0.7352745533
       39.50000   8.5784759521  11.8113040924  -0.0111958012-0.61132520E-03  -0.1488643438  -0.0506551079   2.0565268993   0.7366228104
       39.60000   8.5304260254  11.9283123016  -0.0112057915-0.70345595E-04   0.2293630242  -0.7089981437   2.0583813190   0.7379643321
       39.70000   8.1493930817  12.5155506134  -0.0109950406 0.28609184E-02   2.3029818535  -4.2891712189   2.0602583885   0.7392744422
       39.80000   7.4533367157  13.6961545944  -0.0105513185 0.63460912E-02   4.6679372787  -8.7373542786   2.0622751713   0.7405055761
       39.90000   6.4921483994  15.5626049042  -0.0098810801 0.81678415E-02   5.6407651901 -11.5507535934   2.0645580292   0.7416074276
       40.00000   5.4201698303  17.9454231262  -0.0090665510 0.79792663E-02   5.0047526360 -12.1481113434   2.0672426224   0.7425584793
       40.10000   4.4630398750  20.4900131226  -0.0082704742 0.80384612E-02   4.5654792786 -13.1714153290   2.0704753399   0.7433888316
       40.20000   3.6073749065  23.1291236877  -0.0074618841 0.79939142E-02   4.0454030037 -13.6853895187   2.0744485855   0.7441200018
       40.30000   2.9500107765  25.0120429993  -0.0066162543 0.73701972E-02   3.1884562969  -9.6968231201   2.0794236660   0.7447768450
       40.40000   2.4632408619  26.1209621429  -0.0059798751 0.58897808E-02   2.1959364414  -3.1333844662   2.0854232311   0.7453880310
       40.50000   2.0900156498  26.6296958923  -0.0058516576 0.33053309E-02   1.3486399651   2.8214671612   2.0924196243   0.7459822893
       40.60000   1.7849364281  26.6917552948  -0.0063215415-0.20899696E-03   0.8388342261   5.9317526817   2.1004514694   0.7465822101
       40.70000   1.5349683762  26.4043159485  -0.0069034267-0.33156581E-02   0.6151487827   6.5709095001   2.1097326279   0.7471929789
       40.80000   1.3325620890  25.8549461365  -0.0070128497-0.44788327E-02   0.5845049620   5.5587439537   2.1205096245   0.7478169799
       40.90000   1.1701754332  25.1311721802  -0.0060652802-0.21624090E-02   0.6538534164   3.7148022652   2.1330280304   0.7484563589
       41.00000   1.0402879715  24.3205718994  -0.0034765592 0.51682554E-02   0.7301899195   1.8583759069   2.1475319862   0.7491133213
       41.10000   0.9370858669  23.4899291992   0.0012174321 0.18515890E-01   0.7462956905   0.5797705650   2.1640963554   0.7497903705
       41.20000   0.8592342138  22.6528930664   0.0081700925 0.37508305E-01   0.7014045715  -0.1201827452   2.1823530197   0.7504889965
       41.30000   0.8060939312  21.8145427704   0.0174859762 0.61556406E-01   0.6053181887  -0.3345528543   2.2018642426   0.7512115240
       41.40000   0.7770305872  20.9799594879   0.0292700119 0.90071879E-01   0.4678296745  -0.1563287377   2.2221941948   0.7519597411
       41.50000   0.7714118361  20.1543140411   0.0436257347 0.12246305E+00   0.2987494171   0.3214663267   2.2429034710   0.7527355552
       41.60000   0.7886028290  19.3426628113   0.0606586747 0.15814286E+00   0.1078646705   1.0058566332   2.2635560036   0.7535409927
       41.70000   0.8279682398  18.5501747131   0.0804719627 0.19651912E+00  -0.0950102359   1.8037819862   2.2837131023   0.7543777823
       41.80000   0.8888739944  17.7819309235   0.1031706259 0.23700365E+00  -0.3000830114   2.6222605705   2.3029375076   0.7552480698
       41.90000   0.9706892967  17.0430183411   0.1288601458 0.27900854E+00  -0.4975615442   3.3683133125   2.3207926750   0.7561537623
       42.00000   1.0728574991  16.3381500244   0.1576387137 0.32193184E+00  -0.6781234145   3.9532227516   2.3368620872   0.7570969462
       42.10000   1.1960692406  15.6652469635   0.1895461679 0.36504230E+00  -0.8397139311   4.3522677422   2.3510572910   0.7580811381
       42.20000   1.3419356346  15.0172576904   0.2245700359 0.40749860E+00  -0.9857584238   4.5892596245   2.3635363579   0.7591111660
       42.30000   1.5121049881  14.3869266510   0.2627003491 0.44846189E+00  -1.1198394299   4.6892771721   2.3744649887   0.7601918578
       42.40000   1.7082294226  13.7669944763   0.3039276004 0.48709315E+00  -1.2455370426   4.6773748398   2.3840076923   0.7613282204
       42.50000   1.9319380522  13.1502799988   0.3482373655 0.52254879E+00  -1.3664177656   4.5786142349   2.3923296928   0.7625250220
       42.60000   2.1848921776  12.5295047760   0.3956218958 0.55399108E+00  -1.4860663414   4.4180464745   2.3995959759   0.7637872100
       42.70000   2.4687166214  11.8974819183   0.4460664392 0.58057702E+00  -1.6080502272   4.2207450867   2.4059710503   0.7651194930
       42.80000   2.7850644588  11.2469577789   0.4995615184 0.60146731E+00  -1.7359488010   4.0117616653   2.4116203785   0.7665266991
       42.90000   3.1355934143  10.5706748962   0.5560981631 0.61582214E+00  -1.8733437061   3.8161482811   2.4167094231   0.7680137157
       43.00000   3.5210895538   9.8666572571   0.6154760122 0.62328875E+00  -2.0215327740   3.6512374878   2.4213709831   0.7695891261
       43.10000   3.9396109581   9.1502141953   0.6768854856 0.62515116E+00  -2.1742613316   3.5084643364   2.4256381989   0.7712725997
       43.20000   4.3885750771   8.4403934479   0.7393786907 0.62303370E+00  -2.3236684799   3.3738865852   2.4295196533   0.7730862498
       43.30000   4.8654470444   7.7561607361   0.8020150065 0.61856121E+00  -2.4619128704   3.2335450649   2.4330258369   0.7750526667
       43.40000   5.3678817749   7.1160235405   0.8638812304 0.61350155E+00  -2.5824992657   3.0746021271   2.4361681938   0.7771941423
       43.50000   5.9033269882   6.5140485764   0.9255151153 0.61716121E+00  -2.7499237061   2.9433622360   2.4389913082   0.7795317173
       43.60000   6.4550962448   5.9502134323   0.9863061905 0.60510457E+00  -2.8097901344   2.7355821133   2.4415698051   0.7820898890
       43.70000   6.9522981644   5.4830412865   1.0409843922 0.51728272E+00  -2.3329524994   2.1503064632   2.4439392090   0.7848858833
       43.80000   7.3935718536   5.0973443985   1.0900249481 0.43240017E+00  -1.8499779701   1.6007461548   2.4461517334   0.7879019976
       43.90000   7.7924242020   4.7677297592   1.1349532604 0.41558582E+00  -1.8051638603   1.4275768995   2.4482512474   0.7911242843
       44.00000   8.1753778458   4.4717836380   1.1778172255 0.43284807E+00  -1.9782299995   1.4523544312   2.4502491951   0.7945653796
       44.10000   8.5713214874   4.1881141663   1.2207542658 0.43555331E+00  -2.0513761044   1.4158937931   2.4521512985   0.7982431650
       44.20000   9.0037975311   3.9067935944   1.2653954029 0.44764590E+00  -2.2037606239   1.3684948683   2.4539632797   0.8021770716
       44.30000   9.3870153427   3.6640002728   1.3057942390 0.38568375E+00  -1.8100297451   1.1377559900   2.4556920528   0.8063914180
       44.40000   9.5919904709   3.5043544769   1.3332300186 0.17892461E+00  -0.3473080993   0.5342716575   2.4573616982   0.8108547926
       44.50000   9.6086378098   3.4235465527   1.3473064899 0.56297358E-01   0.5216881037   0.1692717522   2.4590146542   0.8154603243
       44.60000   9.5146141052   3.3889722824   1.3535788059 0.72428077E-01   0.3936507106   0.1826041788   2.4606800079   0.8201314807
       44.70000   9.4365024567   3.3557410240   1.3607676029 0.70495784E-01   0.3941218853   0.1475281566   2.4623594284   0.8248517513
       44.80000   9.3543329239   3.3313930035   1.3676981926 0.75111210E-01   0.3737511337   0.1164115369   2.4640541077   0.8296121955
       44.90000   9.2726745605   3.3141744137   1.3746297359 0.80764644E-01   0.3643728495   0.0783746913   2.4657626152   0.8344053030
       45.00000   9.1974163055   3.3012311459   1.3816742897 0.82948670E-01   0.3579977453   0.0424854606   2.4674842358   0.8392249346
       45.10000   9.1344299316   3.2897071838   1.3889449835 0.77165358E-01   0.3464918733   0.0178720783   2.4692175388   0.8440656662
       45.20000   9.0886611938   3.2770285606   1.3964484930 0.59120260E-01   0.3230175078   0.0127041750   2.4709610939   0.8489215374
       45.30000   9.0484905243   3.2655541897   1.4023417234 0.28094936E-01   0.3035410047   0.0181866288   2.4727153778   0.8537880182
       45.40000   8.9884881973   3.2617702484   1.4032434225-0.13434290E-01   0.3225433230   0.0114650130   2.4744811058   0.8586613536
       45.50000   8.9050750732   3.2662360668   1.3985532522-0.54065384E-01   0.3525691628  -0.0027298494   2.4762597084   0.8635382056
       45.60000   8.8299303055   3.2699160576   1.3921536207-0.68443514E-01   0.2671688795   0.0247212201   2.4780514240   0.8684165478
       45.70000   8.7869358063   3.2664544582   1.3871662617-0.40648758E-01  -0.0123656914   0.1242544875   2.4798569679   0.8732929230
       45.80000   8.7666091919   3.2602519989   1.3831789494 0.12674246E-01  -0.3924016654   0.2573347092   2.4816756248   0.8781605959
       45.90000   8.7531299591   3.2577543259   1.3791086674 0.68696879E-01  -0.7465702295   0.3723250031   2.4835062027   0.8830119371
       46.00000   8.7306842804   3.2654080391   1.3738729954 0.10458367E+00  -0.9484603405   0.4175745249   2.4853479862   0.8878387213
       46.10000   8.6834487915   3.2896592617   1.3663882017 0.97504966E-01  -0.8716965914   0.3414421976   2.4871993065   0.8926336169
       46.20000   8.5956115723   3.3369519711   1.3555724621 0.24630118E-01  -0.3899009228   0.0922918022   2.4890599251   0.8973885775
       46.30000   8.4510517120   3.4139146805   1.3403117657-0.13564247E+00   0.6157324314  -0.3784763813   2.4909286499   0.9020951986
       46.40000   8.2176151276   3.5369472504   1.3178499937-0.33915013E+00   1.8585615158  -0.9566459656   2.4928262234   0.9067033529
       46.50000   7.8400392532   3.7366371155   1.2830529213-0.44497138E+00   2.4555740356  -1.2885247469   2.4948024750   0.9111002684
       46.60000   7.3564119339   4.0026817322   1.2384243011-0.43418837E+00   2.2982769012  -1.3346471786   2.4968988895   0.9152143002
       46.70000   6.9073867798   4.2743959427   1.1952102184-0.43556362E+00   2.2242445946  -1.4008445740   2.4991316795   0.9190629721
       46.80000   6.4833650589   4.5525336266   1.1527378559-0.41817939E+00   2.0539190769  -1.3709352016   2.5015120506   0.9226670265
       46.90000   6.0613341331   4.8562483788   1.1088941097-0.41762573E+00   1.9622356892  -1.4429301023   2.5040564537   0.9260444045
       47.00000   5.6198625565   5.2066750526   1.0616084337-0.48110732E+00   2.1903674603  -1.8600314856   2.5067820549   0.9292106628
       47.10000   5.1460199356   5.6274447441   1.0091725588-0.57928127E+00   2.5777285099  -2.4743080139   2.5097334385   0.9321612716
       47.20000   4.6357336044   6.1424093246   0.9503547549-0.61953527E+00   2.6324191093  -2.8141238689   2.5129790306   0.9348732829
       47.30000   4.1272945404   6.7175445557   0.8885555267-0.61186534E+00   2.4234061241  -2.9194889069   2.5166475773   0.9373505116
       47.40000   3.6586952209   7.3213000298   0.8270932436-0.61579520E+00   2.2735624313  -3.0806918144   2.5206556320   0.9396197796
       47.50000   3.2215909958   7.9736442566   0.7647194266-0.62069613E+00   2.1164541245  -3.2437131405   2.5249073505   0.9417021275
       47.60000   2.8167035580   8.6574153900   0.7021567225-0.62380660E+00   1.9484632015  -3.3977160454   2.5297973156   0.9436203837
       47.70000   2.4459590912   9.3513889313   0.6403568983-0.62351310E+00   1.7742724419  -3.5379304886   2.5357694626   0.9453970194
       47.80000   2.1112370491  10.0344181061   0.5802643895-0.61820263E+00   1.5985459089  -3.6596064568   2.5432674885   0.9470548630
       47.90000   1.8143023252  10.6864490509   0.5227919221-0.60634530E+00   1.4257658720  -3.7581491470   2.5527124405   0.9486162066
       48.00000   1.5551003218  11.3043317795   0.4683568478-0.58771467E+00   1.2576262951  -3.8314447403   2.5641729832   0.9500936866
       48.10000   1.3320717812  11.8983993530   0.4169730842-0.56310809E+00   1.0935814381  -3.8793561459   2.5774407387   0.9514924884
       48.20000   1.1436555386  12.4792537689   0.3686517477-0.53335392E+00   0.9330503941  -3.9017877579   2.5922999382   0.9528174400
       48.30000   0.9882634878  13.0575618744   0.3233979344-0.49927804E+00   0.7754338980  -3.8986520767   2.6085338593   0.9540738463
       48.40000   0.8643133640  13.6439933777   0.2812173069-0.46170527E+00   0.6201329231  -3.8698563576   2.6259281635   0.9552663565
       48.50000   0.7702359557  14.2491493225   0.2421202362-0.42146525E+00   0.4665661752  -3.8153128624   2.6442649364   0.9564000964
       48.60000   0.7044453621  14.8837261200   0.2061109841-0.37938139E+00   0.3141287863  -3.7349267006   2.6633298397   0.9574801326
       48.70000   0.6653680801  15.5583171844   0.1731994599-0.33628350E+00   0.1622393578  -3.6286125183   2.6829051971   0.9585112929
       48.80000   0.6514227390  16.2835960388   0.1433914006-0.29299653E+00   0.0102988677  -3.4962785244   2.7027764320   0.9594986439
       48.90000   0.6616275311  17.0648937225   0.1166734323-0.25030899E+00  -0.1422175765  -3.3392863274   2.7227218151   0.9604465961
       49.00000   0.6970735788  17.8888664246   0.0929669738-0.20888780E+00  -0.2955598235  -3.1640939713   2.7424983978   0.9613574743
       49.10000   0.7593063116  18.7382411957   0.0721747279-0.16936575E+00  -0.4499450326  -2.9782390594   2.7618632317   0.9622331858
       49.20000   0.8498636484  19.5956249237   0.0542027652-0.13238189E+00  -0.6055668592  -2.7892861366   2.7805676460   0.9630757570
       49.30000   0.9702899456  20.4437217712   0.0389547981-0.98570645E-01  -0.7626367807  -2.6047780514   2.7983672619   0.9638869762
       49.40000   1.1221345663  21.2652320862   0.0263348967-0.68566978E-01  -0.9213661551  -2.4322590828   2.8150174618   0.9646689296
       49.50000   1.3069283962  22.0427608490   0.0162485503-0.43009169E-01  -1.0819485188  -2.2792918682   2.8302705288   0.9654233456
       49.60000   1.5262283087  22.7590370178   0.0085995011-0.22531334E-01  -1.2446017265  -2.1534159184   2.8438823223   0.9661523700
       49.70000   1.7815603018  23.3966751099   0.0032928600-0.77710338E-02  -1.4095185995  -2.0621907711   2.8556060791   0.9668578506
       49.80000   2.0744106770  23.9394340515   0.0002211324 0.69154240E-03  -1.5768752098  -2.0127866268   2.8652114868   0.9675416350
       49.90000   2.4048140049  24.3950252533  -0.0009889299 0.35270329E-02  -1.7460408211  -2.0038306713   2.8728089333   0.9682062864
       50.00000   2.7713162899  24.7949962616  -0.0009751866 0.26510931E-02  -1.9155620337  -2.0254473686   2.8788433075   0.9688546062
       50.10000   3.1724536419  25.1719722748  -0.0003870279 0.33267519E-04  -2.0839760303  -2.0673956871   2.8837785721   0.9694896936
       50.20000   3.6067047119  25.5585212708   0.0001261470-0.23567285E-02  -2.2497944832  -2.1194298267   2.8880763054   0.9701144099
       50.30000   4.0730690956  25.9810562134   0.0000109826-0.28409320E-02  -2.4140000343  -2.1624200344   2.8921449184   0.9707314968
       50.40000   4.5742554665  26.4089355469  -0.0003052888-0.27174670E-02  -2.5925195217  -2.1334586143   2.8958544731   0.9713392258
       50.50000   5.1000223160  26.8861064911  -0.0005568396-0.27787201E-02  -2.6968765259  -2.4507040977   2.8991384506   0.9719366431
       50.60000   5.6397485733  27.4638442993  -0.0008302063-0.27584822E-02  -2.7092852592  -3.1819100380   2.9021053314   0.9725229144
       50.70000   6.1897616386  28.1456947327  -0.0011114737-0.27111024E-02  -2.7207851410  -3.8817861080   2.9047980309   0.9730958939
       50.80000   6.7474946976  28.9306163788  -0.0013854417-0.26943409E-02  -2.8170504570  -4.1331415176   2.9072608948   0.9736537933
       50.90000   7.3244109154  29.7615489960  -0.0016542244-0.26984848E-02  -2.9592196941  -4.1482877731   2.9095249176   0.9741961956
       51.00000   7.9294848442  30.5977592468  -0.0019241665-0.26976957E-02  -3.0903127193  -4.2179346085   2.9116134644   0.9747235775
       51.10000   8.5609340668  31.4473094940  -0.0021939194-0.26977104E-02  -3.2232336998  -4.2787342072   2.9135451317   0.9752365947
       51.20000   9.2181949615  32.3119201660  -0.0024635778-0.26957872E-02  -3.3488936424  -4.3564786911   2.9153363705   0.9757360220
       51.30000   9.8973121643  33.2052764893  -0.0027325014-0.26841024E-02  -3.4366827011  -4.5175976753   2.9170024395   0.9762222171
       51.40000  10.6170892715  34.0622634888  -0.0030035824-0.27012033E-02  -3.6361441612  -4.4328546524   2.9185540676   0.9766952991
       51.50000  11.6681499481  33.9471778870  -0.0033192774-0.32497793E-02  -5.9205474854   0.1796179116   2.9199838638   0.9771569967
       51.60000  13.1889944077  32.7454528809  -0.0036911801-0.41519511E-02  -9.7132406235   7.7433032990   2.9212775230   0.9776246548
       51.70000  15.2689504623  30.5830574036  -0.0041215084-0.50406689E-02 -13.7253713608  15.0550441742   2.9224209785   0.9781209230
       51.80000  17.9975128174  27.5858364105  -0.0046125241-0.55489964E-02 -16.6685504913  18.9126091003   2.9233994484   0.9786678553
       51.90000  21.4336357117  23.9868240356  -0.0051614009-0.55423928E-02 -18.1206417084  17.8053207397   2.9242095947   0.9792876244
       52.00000  25.4268321991  20.4487991333  -0.0057372628-0.56711189E-02 -20.4381141663  16.4605331421   2.9248909950   0.9800037146
       52.10000  28.9804916382  17.6194877625  -0.0062353816-0.51517272E-02 -19.2068920135  14.2868556976   2.9254777431   0.9808495045
       52.20000  31.3431301117  15.7182912827  -0.0065864152-0.33833068E-02 -11.3895978928   9.5191621780   2.9259967804   0.9818289280
       52.30000  32.6466979980  14.5231275558  -0.0068137627-0.11835512E-02  -1.1137104034   3.9805305004   2.9264807701   0.9829010963
       52.40000  33.0768585205  13.7869377136  -0.0069463560 0.55361958E-03   7.1080417633  -0.3094842136   2.9269595146   0.9840229750
       52.50000  32.8174591064  13.3342428207  -0.0070086955 0.13947291E-02  11.0605411530  -2.3909823895   2.9274516106   0.9851683378
       52.60000  32.0498962402  13.0873661041  -0.0070192399 0.15372871E-02  11.6772003174  -2.7562928200   2.9279592037   0.9863347411
       52.70000  30.9554595947  12.9757719040  -0.0069960090 0.12243011E-02  10.1184673309  -2.0024261475   2.9284820557   0.9875211716
       52.80000  29.7153511047  12.9288921356  -0.0069570215 0.69879647E-03   7.5448799133  -0.7264491916   2.9290204048   0.9887267947
       52.90000  28.5107536316  12.8761711121  -0.0069202925 0.20376766E-03   5.1168212891   0.4746560454   2.9295747280   0.9899505377
       53.00000  27.5211601257  12.7477664948  -0.0069036633-0.20180349E-04   3.9832780361   1.0097738504   2.9301447868   0.9911913276
       53.10000  26.7307014465  12.5498313904  -0.0069055585 0.57228222E-05   4.0428652763   0.9310600758   2.9307308197   0.9924498796
       53.20000  25.9286174774  12.3644580841  -0.0069050193-0.12182894E-05   3.9456124306   0.9330387115   2.9313359261   0.9937275648
       53.30000  25.1458854675  12.1795368195  -0.0069051329 0.64143336E-06   3.8903837204   0.9133949280   2.9319591522   0.9950244427
       53.40000  24.3742046356  11.9983139038  -0.0069050696 0.14311109E-06   3.8238942623   0.8995440006   2.9326019287   0.9963411093
       53.50000  23.6158580780  11.8199310303  -0.0069050556 0.27664348E-06   3.7604255676   0.8841416240   2.9332652092   0.9976775050
       53.60000  22.8701591492  11.6446018219  -0.0069050286 0.24086555E-06   3.6961431503   0.8691542149   2.9339501858   0.9990341663
       53.70000  22.1373672485  11.4722824097  -0.0069050039 0.25045276E-06   3.6320827007   0.8540565372   2.9346570969   1.0004111528
       53.80000  21.4173564911  11.3029775620  -0.0069049792 0.24788406E-06   3.5679614544   0.8389879465   2.9353885651   1.0018087626
       53.90000  20.7101593018  11.1366844177  -0.0069049550 0.24857235E-06   3.5038547516   0.8239110708   2.9361443520   1.0032274723
       54.00000  20.0158195496  10.9734144211  -0.0069049294 0.24838795E-06   3.4397468567   0.8088371754   2.9369258881   1.0046671629
       54.10000  19.3342590332  10.8131504059  -0.0069049047 0.24843735E-06   3.3756365776   0.7937617302   2.9377346039   1.0061283112
       54.20000  18.6655673981  10.6559104919  -0.0069048796 0.24842410E-06   3.3115301132   0.7786875963   2.9385726452   1.0076107979
       54.30000  18.0096645355  10.5016784668  -0.0069048549 0.24842763E-06   3.2474210262   0.7636126280   2.9394407272   1.0091154575
       54.40000  17.3665771484  10.3504600525  -0.0069048302 0.24842669E-06   3.1833109856   0.7485374808   2.9403407574   1.0106420517
       54.50000  16.7363433838  10.2022647858  -0.0069048051 0.24842694E-06   3.1192042828   0.7334632277   2.9412736893   1.0121908188
       54.60000  16.1188945770  10.0570745468  -0.0069047804 0.24842689E-06   3.0550937653   0.7183879614   2.9422430992   1.0137622356
       54.70000  15.5143051147   9.9149093628  -0.0069047557 0.24842689E-06   2.9909873009   0.7033137083   2.9432497025   1.0153559446
       54.80000  14.9225158691   9.7757530212  -0.0069047306 0.24842689E-06   2.9268784523   0.6882387996   2.9442956448   1.0169725418
       54.90000  14.3435363770   9.6396093369  -0.0069047045 0.24842689E-06   2.8627679348   0.6731636524   2.9453835487   1.0186120272
       55.00000  13.7774085999   9.5064878464  -0.0069046803 0.24842689E-06   2.7986612320   0.6580893993   2.9465155602   1.0202746391
       55.10000  13.2240715027   9.3763732910  -0.0069046561 0.24842689E-06   2.7345504761   0.6430140138   2.9476945400   1.0219604969
       55.20000  12.6835918427   9.2492828369  -0.0069046314 0.24842689E-06   2.6704444885   0.6279397607   2.9489238262   1.0236694813
       55.30000  12.1559085846   9.1252012253  -0.0069046067 0.24842689E-06   2.6063354015   0.6128648520   2.9502053261   1.0254019499
       55.40000  11.6410408020   9.0041332245  -0.0069045816 0.24842689E-06   2.5422248840   0.5977897644   2.9515438080   1.0271579027
       55.50000  11.1390209198   8.8860855103  -0.0069045569 0.24842689E-06   2.4781184196   0.5827155113   2.9529409409   1.0289371014
       55.60000  10.6497917175   8.7710456848  -0.0069045322 0.24842689E-06   2.4140076637   0.5676401854   2.9544024467   1.0307399035
       55.70000  10.1734180450   8.6590290070  -0.0069045071 0.24842689E-06   2.3499014378   0.5525659919   2.9559314251   1.0325663090
       55.80000   9.7098455429   8.5500230789  -0.0069044819 0.24842689E-06   2.2857923508   0.5374910831   2.9575326443   1.0344159603
       55.90000   9.2590856552   8.4440307617  -0.0069044577 0.24842689E-06   2.2216820717   0.5224159360   2.9592113495   1.0362890959
       56.00000   8.8211746216   8.3410568237  -0.0069044326 0.24842689E-06   2.1575753689   0.5073416233   2.9609727859   1.0381854773
       56.10000   8.3960561752   8.2410926819  -0.0069044079 0.24842689E-06   2.0934648514   0.4922663569   2.9628217220   1.0401053429
       56.20000   7.9837884903   8.1441497803  -0.0069043823 0.24842689E-06   2.0293583870   0.4771921039   2.9647660255   1.0420478582
       56.30000   7.5843248367   8.0502185822  -0.0069043576 0.24842689E-06   1.9652493000   0.4621171653   2.9668111801   1.0440137386
       56.40000   7.1976757050   7.9593005180  -0.0069043334 0.24842689E-06   1.9011387825   0.4470420480   2.9689652920   1.0460020304
       56.50000   6.8238706589   7.8714022636  -0.0069043087 0.24842689E-06   1.8370325565   0.4319677055   2.9712362289   1.0480127335
       56.60000   6.4628629684   7.7865133286  -0.0069042835 0.24842689E-06   1.7729215622   0.4168924689   2.9736328125   1.0500457287
       56.70000   6.1147017479   7.7046451569  -0.0069042584 0.24842689E-06   1.7088150978   0.4018182456   2.9761645794   1.0521005392
       56.80000   5.7793464661   7.6257886887  -0.0069042342 0.24842689E-06   1.6447060108   0.3867433071   2.9788422585   1.0541770458
       56.90000   5.4568080902   7.5499453545  -0.0069042090 0.24842689E-06   1.5805958509   0.3716681600   2.9816765785   1.0562746525
       57.00000   5.1471090317   7.4771223068  -0.0069041844 0.24842689E-06   1.5164893866   0.3565938473   2.9846796989   1.0583928823
       57.10000   4.8502130508   7.4073081017  -0.0069041583 0.24842689E-06   1.4523786306   0.3415185809   2.9878654480   1.0605317354
       57.20000   4.5661578178   7.3405141830  -0.0069041345 0.24842689E-06   1.3882722855   0.3264443278   2.9912476540   1.0626900196
       57.30000   4.2949123383   7.2767324448  -0.0069041094 0.24842689E-06   1.3241631985   0.3113694191   2.9948420525   1.0648677349
       57.40000   4.0364842415   7.2159643173  -0.0069040838 0.24842689E-06   1.2600529194   0.2962943017   2.9986643791   1.0670641661
       57.50000   3.7908911705   7.1582145691  -0.0069040596 0.24842689E-06   1.1959463358   0.2812200189   3.0027332306   1.0692787170
       57.60000   3.5581052303   7.1034765244  -0.0069040339 0.24842689E-06   1.1318355799   0.2661447227   3.0070676804   1.0715107918
       57.70000   3.3381567001   7.0517568588  -0.0069040097 0.24842689E-06   1.0677292347   0.2510704994   3.0116863251   1.0737595558
       57.80000   3.1310203075   7.0030508041  -0.0069039855 0.24842689E-06   1.0036201477   0.2359955758   3.0166101456   1.0760242939
       57.90000   2.9367022514   6.9573574066  -0.0069039608 0.24842689E-06   0.9395099878   0.2209204286   3.0218598843   1.0783045292
       58.00000   2.7552165985   6.9146814346  -0.0069039352 0.24842689E-06   0.8754031658   0.2058461010   3.0274558067   1.0805991888
       58.10000   2.5865416527   6.8750185966  -0.0069039110 0.24842689E-06   0.8112925887   0.1907708347   3.0334193707   1.0829076767
       58.20000   2.4306993484   6.8383741379  -0.0069038859 0.24842689E-06   0.7471861839   0.1756965965   3.0397679806   1.0852288008
       58.30000   2.2876720428   6.8047409058  -0.0069038607 0.24842689E-06   0.6830770969   0.1606217027   3.0465192795   1.0875622034
       58.40000   2.1574640274   6.7741236687  -0.0069038356 0.24842689E-06   0.6189668775   0.1455465555   3.0536861420   1.0899064541
       58.50000   2.0400850773   6.7465224266  -0.0069038114 0.24842689E-06   0.5548602343   0.1304722428   3.0612750053   1.0922605991
       58.60000   1.9355206490   6.7219362259  -0.0069037857 0.24842689E-06   0.4907495677   0.1153969690   3.0692877769   1.0946242809
       58.70000   1.8437843323   6.7003641129  -0.0069037620 0.24842689E-06   0.4266432226   0.1003227159   3.0777165890   1.0969958305
       58.80000   1.7648661137   6.6818065643  -0.0069037369 0.24842689E-06   0.3625341058   0.0852478370   3.0865437984   1.0993745327
       58.90000   1.6987686157   6.6662650108  -0.0069037117 0.24842689E-06   0.2984238863   0.0701726750   3.0957407951   1.1017591953
       59.00000   1.6454963684   6.6537375450  -0.0069036875 0.24842689E-06   0.2343172282   0.0550983660   3.1052660942   1.1041489840
       59.10000   1.6050424576   6.6442241669  -0.0069036628 0.24842689E-06   0.1702065766   0.0400231071   3.1150653362   1.1065428257
       59.20000   1.5774129629   6.6377277374  -0.0069036372 0.24842689E-06   0.1061001122   0.0249488354   3.1250743866   1.1089395285
       59.30000   1.5626037121   6.6342449188  -0.0069036125 0.24842689E-06   0.0419915132   0.0098740626   3.1352167130   1.1113380194
