"HALF2$END" 0 1.559853099 6.63359868 -0.006903596174 2.484268912e-07 1.283807207e-08 1.338653078e-16 3.141897484 1.112909321
"DISP0OK" 0 1.559853099 6.63359868 -0.006903596174 2.484268912e-07 1.283807207e-08 1.338653078e-16 3.141897484 1.112909321
"MK1" 0 1.559853099 6.63359868 -0.006903596174 2.484268912e-07 1.283807207e-08 1.338653078e-16 3.141897484 1.112909321
"DOKREST" 0.0917 1.565243923 6.634866301 -0.006903618955 2.484268912e-07 0.0587876 0.01382356763 3.132551905 1.110709372
"DID10" 0.1917 1.583412303 6.639138492 -0.006903643798 2.484268912e-07 0.1228962011 0.0288983415 3.122435538 1.108311286
"DID10" 0.2917 1.614402403 6.646425638 -0.006903668641 2.484268912e-07 0.1870048021 0.04397311536 3.112474587 1.105915288
"DID10" 0.3917 1.658214224 6.656727738 -0.006903693483 2.484268912e-07 0.2511134031 0.05904788922 3.102741185 1.103522457
"DID10" 0.4917 1.714847764 6.670044793 -0.006903718326 2.484268912e-07 0.3152220042 0.07412266309 3.093297491 1.101133866
"DID10" 0.5917 1.784303025 6.686376803 -0.006903743169 2.484268912e-07 0.3793306052 0.08919743695 3.08419396 1.098750578
"DID10" 0.6917 1.866580007 6.705723768 -0.006903768011 2.484268912e-07 0.4434392063 0.1042722108 3.075468666 1.096373639
"DID10" 0.7917 1.961678708 6.728085688 -0.006903792854 2.484268912e-07 0.5075478073 0.1193469847 3.067147565 1.09400408
"DID10" 0.8917 2.06959913 6.753462562 -0.006903817697 2.484268912e-07 0.5716564084 0.1344217585 3.059245483 1.091642911
"DID10" 0.9917 2.190341271 6.781854391 -0.006903842539 2.484268912e-07 0.6357650094 0.1494965324 3.051767561 1.089291121
"DID10" 1.0917 2.323905133 6.813261175 -0.006903867382 2.484268912e-07 0.6998736105 0.1645713063 3.044710931 1.086949676
"DID10" 1.1917 2.470290715 6.847682914 -0.006903892225 2.484268912e-07 0.7639822115 0.1796460801 3.03806642 1.084619513
"DID10" 1.2917 2.629498018 6.885119607 -0.006903917067 2.484268912e-07 0.8280908126 0.194720854 3.031820144 1.082301542
"DID10" 1.3917 2.801527041 6.925571255 -0.00690394191 2.484268912e-07 0.8921994136 0.2097956279 3.02595492 1.079996644
"DID10" 1.4917 2.986377783 6.969037858 -0.006903966753 2.484268912e-07 0.9563080147 0.2248704017 3.020451446 1.077705666
"DID10" 1.5917 3.184050246 7.015519416 -0.006903991595 2.484268912e-07 1.020416616 0.2399451756 3.015289256 1.075429423
"DID10" 1.6917 3.39454443 7.065015928 -0.006904016438 2.484268912e-07 1.084525217 0.2550199494 3.010447461 1.073168695
"DID10" 1.7917 3.617860333 7.117527396 -0.006904041281 2.484268912e-07 1.148633818 0.2700947233 3.005905301 1.070924228
"DID10" 1.8917 3.853997957 7.173053818 -0.006904066124 2.484268912e-07 1.212742419 0.2851694972 3.001642546 1.068696728
"DID10" 1.9917 4.102957301 7.231595195 -0.006904090966 2.484268912e-07 1.27685102 0.300244271 2.997639766 1.066486867
"DID10" 2.0917 4.364738365 7.293151526 -0.006904115809 2.484268912e-07 1.340959621 0.3153190449 2.993878509 1.064295277
"DID10" 2.1917 4.639341149 7.357722813 -0.006904140652 2.484268912e-07 1.405068222 0.3303938188 2.990341399 1.062122555
"DID10" 2.2917 4.926765654 7.425309054 -0.006904165494 2.484268912e-07 1.469176823 0.3454685926 2.987012177 1.059969255
"DID10" 2.3917 5.227011878 7.49591025 -0.006904190337 2.484268912e-07 1.533285424 0.3605433665 2.983875712 1.057835898
"DID10" 2.4917 5.540079823 7.5695264 -0.00690421518 2.484268912e-07 1.597394025 0.3756181403 2.980917969 1.055722962
"DID10" 2.5917 5.865969488 7.646157506 -0.006904240022 2.484268912e-07 1.661502626 0.3906929142 2.978125975 1.053630889
"DID10" 2.6917 6.204680874 7.725803566 -0.006904264865 2.484268912e-07 1.725611227 0.4057676881 2.975487759 1.051560086
"DID10" 2.7917 6.556213979 7.808464581 -0.006904289708 2.484268912e-07 1.789719828 0.4208424619 2.972992293 1.049510918
"DID10" 2.8917 6.920568805 7.894140551 -0.00690431455 2.484268912e-07 1.853828429 0.4359172358 2.970629429 1.047483718
"DID10" 2.9917 7.297745351 7.982831475 -0.006904339393 2.484268912e-07 1.91793703 0.4509920097 2.968389836 1.045478781
"DID10" 3.0917 7.687743617 8.074537355 -0.006904364236 2.484268912e-07 1.982045631 0.4660667835 2.966264932 1.043496368
"DID10" 3.1917 8.090563604 8.169258189 -0.006904389078 2.484268912e-07 2.046154233 0.4811415574 2.964246831 1.041536707
"DID10" 3.2917 8.50620531 8.266993978 -0.006904413921 2.484268912e-07 2.110262834 0.4962163313 2.96232828 1.039599992
"DID10" 3.3917 8.934668737 8.367744721 -0.006904438764 2.484268912e-07 2.174371435 0.5112911051 2.960502609 1.037686386
"DID10" 3.4917 9.375953884 8.47151042 -0.006904463607 2.484268912e-07 2.238480036 0.526365879 2.95876368 1.035796021
"DID10" 3.5917 9.830060751 8.578291073 -0.006904488449 2.484268912e-07 2.302588637 0.5414406528 2.957105842 1.033929
"DID10" 3.6917 10.29698934 8.688086681 -0.006904513292 2.484268912e-07 2.366697238 0.5565154267 2.955523887 1.032085397
"DID10" 3.7917 10.77673965 8.800897243 -0.006904538135 2.484268912e-07 2.430805839 0.5715902006 2.954013015 1.03026526
"DID10" 3.8917 11.26931167 8.916722761 -0.006904562977 2.484268912e-07 2.49491444 0.5866649744 2.952568794 1.028468611
"DID10" 3.9917 11.77470542 9.035563233 -0.00690458782 2.484268912e-07 2.559023041 0.6017397483 2.951187131 1.026695447
"DID10" 4.0917 12.29292089 9.15741866 -0.006904612663 2.484268912e-07 2.623131642 0.6168145222 2.949864245 1.024945742
"DID10" 4.1917 12.82395808 9.282289042 -0.006904637505 2.484268912e-07 2.687240243 0.631889296 2.948596634 1.023219449
"DID10" 4.2917 13.36781699 9.410174379 -0.006904662348 2.484268912e-07 2.751348844 0.6469640699 2.947381055 1.021516498
"DID10" 4.3917 13.92449762 9.54107467 -0.006904687191 2.484268912e-07 2.815457445 0.6620388437 2.946214503 1.019836802
"DID10" 4.4917 14.49399997 9.674989916 -0.006904712033 2.484268912e-07 2.879566046 0.6771136176 2.945094189 1.018180254
"DID10" 4.5917 15.07632404 9.811920117 -0.006904736876 2.484268912e-07 2.943674647 0.6921883915 2.944017522 1.01654673
"DID10" 4.6917 15.67146982 9.951865273 -0.006904761719 2.484268912e-07 3.007783248 0.7072631653 2.942982092 1.014936091
"DID10" 4.7917 16.27943733 10.09482538 -0.006904786562 2.484268912e-07 3.071891849 0.7223379392 2.941985658 1.013348182
"DID10" 4.8917 16.90022656 10.24080045 -0.006904811404 2.484268912e-07 3.13600045 0.7374127131 2.941026132 1.011782834
"DID10" 4.9917 17.53383751 10.38979047 -0.006904836247 2.484268912e-07 3.200109051 0.7524874869 2.940101566 1.010239867
"DID10" 5.0917 18.18027019 10.54179544 -0.00690486109 2.484268912e-07 3.264217652 0.7675622608 2.939210143 1.008719089
"DID10" 5.1917 18.83952458 10.69681537 -0.006904885932 2.484268912e-07 3.328326254 0.7826370347 2.938350166 1.007220294
"DID10" 5.2917 19.51160069 10.85485026 -0.006904910775 2.484268912e-07 3.392434855 0.7977118085 2.937520046 1.005743272
"DID10" 5.3917 20.19649852 11.0159001 -0.006904935618 2.484268912e-07 3.456543456 0.8127865824 2.936718299 1.004287798
"DID10" 5.4917 20.89421807 11.17996489 -0.00690496046 2.484268912e-07 3.520652057 0.8278613562 2.935943533 1.002853644
"DID10" 5.5917 21.60475934 11.34704464 -0.006904985303 2.484268912e-07 3.584760658 0.8429361301 2.935194443 1.001440572
"DID10" 5.6917 22.32812233 11.51713934 -0.006905010146 2.484268912e-07 3.648869259 0.858010904 2.934469805 1.000048339
"DID10" 5.7917 23.06430704 11.690249 -0.006905034988 2.484268912e-07 3.71297786 0.8730856778 2.933768471 0.9986766954
"DID10" 5.8917 23.81331348 11.86637361 -0.006905059831 2.484268912e-07 3.777086461 0.8881604517 2.933089359 0.997325387
"DID10" 5.9917 24.57514163 12.04551318 -0.006905084674 2.484268912e-07 3.841195062 0.9032352256 2.932431453 0.9959941557
"DID10" 6.0917 25.3497915 12.2276677 -0.006905109516 2.484268912e-07 3.905303663 0.9183099994 2.931793798 0.9946827394
"DID10" 6.1917 26.13726309 12.41283718 -0.006905134359 2.484268912e-07 3.969412264 0.9333847733 2.931175491 0.9933908731
"DID10" 6.2917 26.93755641 12.60102161 -0.006905159202 2.484268912e-07 4.033520865 0.9484595471 2.930575684 0.9921182894
"DID10" 6.3917 27.75067144 12.792221 -0.006905184045 2.484268912e-07 4.097629466 0.963534321 2.929993573 0.9908647189
"D282" 7.0035 33.00448886 14.02762636 -0.006905336032 2.484268912e-07 4.489845887 1.055761788 2.926775945 0.9835933592
"QA" 7.3079 27.61354478 18.69952511 -0.006042099289 -0.005550729142 -20.6656857 15.57718876 2.925238586 0.9804728957
"D272" 7.43625 22.56404213 22.91283678 -0.005329663203 -0.005550729142 -18.67597893 17.24954806 2.924420219 0.9794860164
"MON" 7.43625 22.56404213 22.91283678 -0.005329663203 -0.005550729142 -18.67597893 17.24954806 2.924420219 0.9794860164
"D271" 7.5646 18.0252972 27.55544309 -0.004617227118 -0.005550729142 -16.68627215 18.92190736 2.923407312 0.9786730459
"QB" 7.9668 10.60611584 34.05604526 -0.002999835788 -0.00269801906 -3.622060734 -4.459255256 2.918534841 0.976689359
"D26" 8.0867 9.756683643 32.99553197 -0.002676343303 -0.00269801906 -3.462444625 -4.385726272 2.916658896 0.9761200926
"STV" 8.1467 9.345982765 32.47145253 -0.00251446216 -0.00269801906 -3.382570008 -4.348931117 2.915658872 0.9758283545
"D25" 8.2747 8.501855938 31.36817369 -0.00216911572 -0.00269801906 -3.212170826 -4.270434788 2.913373401 0.9751900384
"STH" 8.3257 8.177677078 30.93418441 -0.002031516748 -0.00269801906 -3.144277401 -4.239158907 2.912399934 0.9749294671
"D24" 8.4347 7.50804111 30.01733383 -0.00173743267 -0.00269801906 -2.999171848 -4.172314376 2.91018591 0.9743601658
"SQ" 8.5047 7.094680145 29.43621475 -0.001548571336 -0.00269801906 -2.905984795 -4.129386696 2.908659416 0.9739853728
"D23" 8.6235 6.423006585 28.46372757 -0.001228046672 -0.00269801906 -2.747833054 -4.05653229 2.90585835 0.9733321656
"QC" 8.9279 4.769997388 26.57725487 -0.0003974905842 -0.002750122958 -2.647240458 -2.181009798 2.897129779 0.9715649806
"D22" 9.0337 4.228633214 26.11817782 -0.0001065275753 -0.002750122958 -2.469623186 -2.158092839 2.893380162 0.9709258635
"S1" 9.1337 3.751496599 25.68872531 0.0001684847205 -0.002750122958 -2.301742968 -2.136432199 2.889383812 0.9703114249
"D21" 9.6157 1.922642417 23.67952754 0.001494043986 -0.002750122958 -1.492560314 -2.032027909 2.860664429 0.967200876
"BB" 10.5701 0.6515367516 16.24859035 0.1447086168 -0.2950016982 0.01737406995 -3.503010141 2.701848641 0.9594535742
"BA" 11.5246 1.985148186 10.30573542 0.5563966253 -0.614211565 1.527308454 -3.702930481 2.546876413 0.9477040431
"D11" 11.9956 3.796299906 7.134258465 0.8456902724 -0.614211565 2.318024284 -3.030566243 2.519434247 0.9389573122
"SD" 12.1136 4.366729278 6.438921688 0.918167237 -0.614211565 2.516122942 -2.862118302 2.514821023 0.9361862703
"D12" 12.2083 4.858456318 5.909518669 0.9763465849 -0.614211565 2.675142442 -2.726900287 2.511547809 0.9337422465
"Q3" 12.4209 5.867901632 5.005544009 1.088338297 -0.4363422516 2.015997515 -1.577611064 2.505248828 0.9274826933
"D13" 12.6776 6.959883271 4.241465586 1.200356953 -0.4363422516 2.237559401 -1.398676215 2.498853575 0.9186106316
"SF" 12.7916 7.481262909 3.931625602 1.250099969 -0.4363422516 2.335946197 -1.319218386 2.496339058 0.914167007
"D14" 12.8887 7.943265814 3.681888587 1.292489092 -0.4363422516 2.419787714 -1.251507421 2.494333331 0.9101028256
"Q4" 13.1005 8.509179076 3.383138782 1.346235444 -0.06891570572 0.2008270169 -0.1871297686 2.490274471 0.9004564446
"D18" 13.7746 8.835516628 3.269871971 1.392694726 -0.06891570572 0.2832481091 0.01911464051 2.477887842 0.8679725098
"STHB" 13.7746 8.835516628 3.269871971 1.392694726 -0.06891570572 0.2832481091 0.01911464051 2.477887842 0.8679725098
"SI" 13.7746 8.835516628 3.269871971 1.392694726 -0.06891570572 0.2832481091 0.01911464051 2.477887842 0.8679725098
"BI" 13.998 9.011604322 3.261799987 1.403685543 0.001008652237 0.3104784069 0.01619937772 2.473905157 0.8570745329
"BII" 14.2215 9.112121421 3.284350975 1.392244325 0.07093793625 0.3377087046 0.01296778565 2.469983399 0.8462006418
"D17" 14.6505 9.424376326 3.351522487 1.361811951 0.07093793625 0.3901582071 0.1436091651 2.462612905 0.8255635137
"MON" 14.6505 9.424376326 3.351522487 1.361811951 0.07093793625 0.3901582071 0.1436091651 2.462612905 0.8255635137
"D16" 14.7205 9.479597549 3.373119944 1.356846295 0.07093793625 0.398716401 0.1649259404 2.461434211 0.8222498183
"STV" 14.7805 9.527883652 3.394007348 1.352590019 0.07093793625 0.4060519958 0.183197462 2.460429408 0.8194273968
"D15" 14.8956 9.623015594 3.440234057 1.344421764 0.07093793625 0.4201297968 0.2182624913 2.458515471 0.8140632246
"Q4" 15.1074 9.24578049 3.756038944 1.290304409 0.4378077341 -2.167019181 1.302503874 2.454977871 0.8045923298
"D14" 15.2045 8.83055788 4.01588161 1.24777292 0.4378077341 -2.107170934 1.372246794 2.453266714 0.8006109181
"SF" 15.3185 8.358129246 4.338083901 1.197862839 0.4378077341 -2.036939889 1.454089093 2.451154738 0.7962634183
"D13" 15.5752 7.352876964 5.131992254 1.085467962 0.4378077341 -1.878783273 1.638393644 2.445941858 0.7875996713
"Q3" 15.7878 6.335768517 6.068069684 0.9732188847 0.6151603263 -2.847969143 2.818983424 2.44101479 0.7814990911
"D12" 15.8825 5.809140089 6.615337736 0.9149496683 0.6151603263 -2.711757514 2.958640067 2.438529752 0.7791195902
"SD" 16.0005 5.189188232 7.334106121 0.8423607498 0.6151603263 -2.54207178 3.132617431 2.435108934 0.7764232586
"D11" 16.4715 3.113567233 10.61211066 0.5526202361 0.6151603263 -1.864766859 3.827052504 2.416416705 0.7679221984
"BB" 17.426 1.00867317 16.76003412 0.1398673607 0.2959090032 -0.5713995682 3.622861588 2.327379236 0.7565221575
"BA" 18.3804 1.057873328 24.44347163 -0.003988999229 0.00369888425 0.7219677223 2.104120865 2.145235632 0.7490143089
"D31" 18.8781 2.132637587 26.59278009 -0.005829822954 0.00369888425 1.437624496 2.214621398 2.091486276 0.745907419
"Q2" 19.1747 3.678671195 22.91015683 -0.007539981976 0.008017024458 4.107803691 -13.81181817 2.074042137 0.7440559967
"D32" 19.2834 4.628840036 20.00714329 -0.008411192024 0.008017024458 4.635813138 -12.90221086 2.069850358 0.7432481572
"S1" 19.3834 5.604590999 17.51040475 -0.009212894469 0.008017024458 5.121696497 -12.06517459 2.06672543 0.7423978389
"D33" 19.4874 6.721950593 15.09238981 -0.01004630425 0.008017024458 5.626796542 -11.19503354 2.06402976 0.7413800882
"Q1" 19.7934 8.573891234 11.85751787 -0.01122221724 -0.0004877907918 -0.06819184992 -0.2051832748 2.057864707 0.7375907704
"D34" 19.9004 8.56064473 11.81463247 -0.01117004557 -0.0004877907918 -0.05565934262 -0.1957835146 2.055877741 0.7361525676
"S2" 20.0004 8.550684616 11.77635462 -0.01112126649 -0.0004877907918 -0.04394179103 -0.1869949959 2.05401747 0.7348032637
"STHX" 20.0004 8.550684616 11.77635462 -0.01112126649 -0.0004877907918 -0.04394179103 -0.1869949959 2.05401747 0.7348032637
"D35" 20.1174 8.542006253 11.73380085 -0.01106419497 -0.0004877907918 -0.03023225568 -0.1767124291 2.05183856 0.7332191426
"STV" 20.1774 8.538800214 11.71291175 -0.01103492752 -0.0004877907918 -0.02320172472 -0.1714393178 2.050720419 0.7324045856
"D53" 20.2599 8.535769455 11.68522243 -0.01099468478 -0.0004877907918 -0.01353474466 -0.1641887899 2.049182403 0.7312822396
"MON" 20.2599 8.535769455 11.68522243 -0.01099468478 -0.0004877907918 -0.01353474466 -0.1641887899 2.049182403 0.7312822396
"D54" 20.4904 8.535755502 11.61420076 -0.01088224901 -0.0004877907918 0.01347421175 -0.1439312543 2.044884055 0.7281329961
"DINJH" 21.8404 8.785688252 11.38575712 -0.01022373144 -0.0004877907918 0.1716611582 -0.02528625178 2.019971402 0.7094054471
"DISP0" 21.8404 8.785688252 11.38575712 -0.01022373144 -0.0004877907918 0.1716611582 -0.02528625178 2.019971402 0.7094054471
"DINJH" 23.1904 9.462725757 11.477655 -0.009565213868 -0.0004877907918 0.3298481046 0.09335875074 1.996319964 0.6905663097
"D52" 23.4209 9.621011297 11.52536274 -0.009452778091 -0.0004877907918 0.356857061 0.1136162863 1.992474801 0.6873764892
"MON" 23.4209 9.621011297 11.52536274 -0.009452778091 -0.0004877907918 0.356857061 0.1136162863 1.992474801 0.6873764892
"D51" 23.5034 9.680690238 11.5447076 -0.009412535351 -0.0004877907918 0.3665240411 0.1208668143 1.991114247 0.6862381832
"STV" 23.5634 9.725094955 11.559528 -0.009383267903 -0.0004877907918 0.373554572 0.1261399255 1.990130068 0.685411552
"D35" 23.6804 9.81411074 11.59024781 -0.00932619638 -0.0004877907918 0.3872641074 0.1364224924 1.988223975 0.6838027708
"STHX" 23.6804 9.81411074 11.59024781 -0.00932619638 -0.0004877907918 0.3872641074 0.1364224924 1.988223975 0.6838027708
"S2" 23.7804 9.892735317 11.61841116 -0.009277417301 -0.0004877907918 0.398981659 0.1452110111 1.98660871 0.6824312393
"D34" 23.8874 9.979421898 11.6504786 -0.009225245637 -0.0004877907918 0.4115141663 0.1546107713 1.984895468 0.6809681121
"Q1" 24.1934 7.994568765 14.79543093 -0.007997284241 -0.007374702741 -6.369056052 10.92871468 1.979655928 0.6771070854
"D33" 24.2974 6.726563557 17.15558752 -0.007230647018 -0.007374702741 -5.828579548 11.77492241 1.977399685 0.6760685962
"S1" 24.3974 5.612839038 19.59197335 -0.006493176744 -0.007374702741 -5.308665638 12.58893591 1.974809377 0.6752004749
"D32" 24.5061 4.52045116 22.42418091 -0.005691767797 -0.007374702741 -4.743675193 13.47352438 1.971375527 0.6743753222
"Q2" 24.8027 2.753004476 26.0008161 -0.003995515753 -0.004245932439 -1.595933864 -2.210101804 1.957535505 0.6724827605
"D31" 25.3004 1.483615739 23.8570677 -0.001882442556 -0.004245932439 -0.9547297022 -2.097468263 1.917936193 0.6693023112
"BB" 26.2548 0.8840449357 16.29064435 0.1425846726 -0.296432148 0.2040834613 -3.562648224 1.76458057 0.6615938896
"BA" 27.2093 2.217835977 10.25558931 0.5557108359 -0.6157073744 1.362896625 -3.735126706 1.647367754 0.649830856
"D11" 27.6803 3.787507277 7.060512167 0.8457090093 -0.6157073744 1.96973883 -3.048476571 1.621388304 0.6410170267
"SD" 27.7983 4.270305494 6.361370882 0.9183624795 -0.6157073744 2.121771485 -2.876449574 1.616717859 0.6382146203
"D12" 27.893 4.683822338 5.829525027 0.9766835134 -0.6157073744 2.243812477 -2.738358546 1.613346742 0.6357389286
"Q3" 28.1056 5.503209508 4.91899062 1.088985106 -0.4377533137 1.564080671 -1.597388756 1.606722066 0.6293813171
"D13" 28.3623 6.347550655 4.146407084 1.201366012 -0.4377533137 1.724851116 -1.412028185 1.599806802 0.6203293406
"SF" 28.4763 6.748955368 3.833848138 1.25126989 -0.4377533137 1.796242858 -1.32971695 1.597034595 0.6157780899
"D14" 28.5734 7.103862917 3.582307544 1.293796092 -0.4377533137 1.857080207 -1.25957442 1.594801558 0.6116055726
"Q4" 28.7852 7.47861243 3.275193327 1.34780011 -0.06992690562 -0.121701024 -0.2193418066 1.590223276 0.6016658066
"D18" 29.4593 7.376193624 3.12489462 1.394941089 -0.06992690562 -0.03022264031 -0.003604848228 1.575757362 0.5678744145
"STHB" 29.4593 7.376193624 3.12489462 1.394941089 -0.06992690562 -0.03022264031 -0.003604848228 1.575757362 0.5678744145
"SI" 29.4593 7.376193624 3.12489462 1.394941089 -0.06992690562 -0.03022264031 -0.003604848228 1.575757362 0.5678744145
"BI" 29.6827 7.405497193 3.108833967 1.40616316 -8.442932911e-08 7.293094114e-09 -7.283308647e-15 1.570948742 0.5564546603
"BII" 29.9062 7.37619363 3.12489462 1.394941126 0.06992673635 0.0302226549 0.003604848228 1.566140122 0.5450349061
"D17" 30.3352 7.427098132 3.186883451 1.364942557 0.06992673635 0.08843585725 0.1408912617 1.556910261 0.5233317215
"MON" 30.3352 7.427098132 3.186883451 1.364942557 0.06992673635 0.08843585725 0.1408912617 1.556910261 0.5233317215
"D16" 30.4052 7.440144058 3.208176301 1.360047685 0.06992673635 0.09793451498 0.1632923082 1.555411528 0.51984722
"STV" 30.4652 7.452384702 3.228923432 1.355852081 0.06992673635 0.1060762216 0.1824932052 1.554129086 0.5168800764
"D15" 30.5803 7.478612457 3.275193327 1.347800262 0.06992673635 0.1217010386 0.2193418066 1.551674208 0.511243514
"Q4" 30.7921 7.103862947 3.582307544 1.293796275 0.4377531911 -1.857080201 1.25957442 1.547095926 0.5013037481
"D14" 30.8892 6.748955399 3.833848138 1.251270084 0.4377531911 -1.796242852 1.32971695 1.544862889 0.4971312307
"SF" 31.0032 6.347550688 4.146407084 1.201366221 0.4377531911 -1.724851111 1.412028185 1.542090682 0.4925799801
"D13" 31.2599 5.503209543 4.91899062 1.088985346 0.4377531911 -1.564080668 1.597388756 1.535175418 0.4835280035
"Q3" 31.4725 4.683822373 5.829525027 0.9766837752 0.615707295 -2.243812481 2.738358546 1.528550742 0.477170392
"D12" 31.5672 4.270305528 6.361370882 0.9183627488 0.615707295 -2.121771489 2.876449574 1.525179625 0.4746947003
"SD" 31.6852 3.787507309 7.060512167 0.845709288 0.615707295 -1.969738835 3.048476571 1.52050918 0.4718922939
"D11" 32.1562 2.217836004 10.25558931 0.555711152 0.615707295 -1.362896633 3.735126706 1.49452973 0.4630784647
"BB" 33.1106 0.884044944 16.29064435 0.1425850778 0.296432072 -0.2040834743 3.562648224 1.377316916 0.451315431
"BA" 34.0651 1.483615718 23.8570677 -0.001881983597 0.004245853023 0.9547296841 2.097468263 1.223961292 0.4436070094
"D31" 34.5628 2.753004436 26.0008161 -0.003995017271 0.004245853023 1.595933843 2.210101804 1.18436198 0.4404265601
"Q2" 34.8594 4.520451097 22.42418091 -0.005691195656 0.007374277538 4.743675132 -13.47352438 1.170521958 0.4385339985
"D32" 34.9681 5.612838961 19.59197335 -0.006492558397 0.007374277538 5.308665571 -12.58893591 1.167088108 0.4377088457
"S1" 35.0681 6.726563466 17.15558752 -0.00722998615 0.007374277538 5.828579475 -11.77492241 1.1644978 0.4368407245
"D33" 35.1721 7.994568659 14.79543093 -0.007996579172 0.007374277538 6.369055973 -10.92871468 1.162241556 0.4358022352
"Q1" 35.4781 9.97942177 11.6504786 -0.009224498449 0.000487946315 -0.4115141541 -0.1546107713 1.157002017 0.4319412085
"D34" 35.5851 9.892735191 11.61841116 -0.009276686748 0.000487946315 -0.3989816468 -0.1452110111 1.155288775 0.4304780813
"S2" 35.6851 9.814110617 11.59024781 -0.009325481379 0.000487946315 -0.3872640951 -0.1364224924 1.153673509 0.4291065498
"STHX" 35.6851 9.814110617 11.59024781 -0.009325481379 0.000487946315 -0.3872640951 -0.1364224924 1.153673509 0.4291065498
"D35" 35.8021 9.725094834 11.559528 -0.009382571098 0.000487946315 -0.3735545597 -0.1261399255 1.151767417 0.4274977687
"STV" 35.8621 9.680690119 11.5447076 -0.009411847877 0.000487946315 -0.3665240287 -0.1208668143 1.150783238 0.4266711374
"D43" 35.9446 9.62101118 11.52536274 -0.009452103448 0.000487946315 -0.3568570486 -0.1136162863 1.149422684 0.4255328315
"MON" 35.9446 9.62101118 11.52536274 -0.009452103448 0.000487946315 -0.3568570486 -0.1136162863 1.149422684 0.4255328315
"D44" 37.0231 8.987564664 11.38251715 -0.009978353548 0.000487946315 -0.2304832542 -0.01883211212 1.130922015 0.4105243176
"DRFH" 38.0231 8.643773672 11.43273811 -0.01046629986 0.000487946315 -0.1133077378 0.06905307493 1.112825974 0.3965547283
"DISP0" 38.0231 8.643773672 11.43273811 -0.01046629986 0.000487946315 -0.1133077378 0.06905307493 1.112825974 0.3965547283
"CAV" 38.0231 8.643773672 11.43273811 -0.01046629986 0.000487946315 -0.1133077378 0.06905307493 1.112825974 0.3965547283
"DRFH" 39.0231 8.534333712 11.65872945 -0.01095424618 0.000487946315 0.003867778552 0.156938262 1.094253501 0.382752032
"D42" 39.1056 8.535769422 11.68522243 -0.01099450175 0.000487946315 0.01353475865 0.1641887899 1.092715081 0.381627081
"MON" 39.1056 8.535769422 11.68522243 -0.01099450175 0.000487946315 0.01353475865 0.1641887899 1.092715081 0.381627081
"D41" 39.1881 8.538800183 11.71291175 -0.01103475732 0.000487946315 0.02320173876 0.1714393178 1.091177065 0.380504735
"STV" 39.2481 8.542006223 11.73380085 -0.0110640341 0.000487946315 0.03023226974 0.1767124291 1.090058924 0.379690178
"D35" 39.3651 8.55068459 11.77635462 -0.01112112382 0.000487946315 0.04394180515 0.1869949959 1.087880014 0.378106057
"STHX" 39.3651 8.55068459 11.77635462 -0.01112112382 0.000487946315 0.04394180515 0.1869949959 1.087880014 0.378106057
"S2" 39.4651 8.560644706 11.81463247 -0.01116991845 0.000487946315 0.05565935679 0.1957835146 1.086019743 0.376756753
"D34" 39.5721 8.573891213 11.85751787 -0.01122210675 0.000487946315 0.06819186415 0.2051832748 1.084032777 0.3753185502
"Q1" 39.8781 6.721950585 15.09238981 -0.01004625247 -0.008016804048 -5.626796521 11.19503354 1.077867724 0.3715292324
"D33" 39.9821 5.604590995 17.51040475 -0.009212865605 -0.008016804048 -5.121696478 12.06517459 1.075172054 0.3705114818
"S1" 40.0821 4.628840035 20.00714329 -0.008411185201 -0.008016804048 -4.635813122 12.90221086 1.072047126 0.3696611634
"D32" 40.1908 3.678671197 22.91015683 -0.007539999105 -0.008016804048 -4.107803679 13.81181817 1.067855347 0.3688533239
"Q2" 40.4874 2.132637595 26.59278009 -0.005829909307 -0.003698630418 -1.437624487 -2.214621398 1.050411208 0.3670019017
"D31" 40.9851 1.05787334 24.44347163 -0.003989211907 -0.003698630418 -0.7219677221 -2.104120865 0.996661852 0.3638950118
"BB" 41.9395 1.008673169 16.76003412 0.1398668996 -0.2959087604 0.571399553 -3.622861588 0.8145182505 0.3563871632
"BA" 42.894 3.11356719 10.61211066 0.5526195669 -0.6151600724 1.864766828 -3.827052504 0.7254807801 0.3449871222
"D11" 43.365 5.189188157 7.334106121 0.842359961 -0.6151600724 2.542071742 -3.132617431 0.7067885511 0.3364860621
"SD" 43.483 5.809140004 6.615337736 0.9149488495 -0.6151600724 2.711757474 -2.958640067 0.7033677333 0.3337897304
"D12" 43.5777 6.335768425 6.068069684 0.9732180419 -0.6151600724 2.8479691 -2.818983424 0.7008826951 0.3314102295
"Q3" 43.7903 7.352876857 5.131992254 1.08546708 -0.4378076288 1.878783246 -1.638393644 0.6959556268 0.3253096493
"D13" 44.047 8.358129124 4.338083901 1.197861931 -0.4378076288 2.036939861 -1.454089093 0.6907427472 0.3166459023
"SF" 44.161 8.830557752 4.01588161 1.247772 -0.4378076288 2.107170905 -1.372246794 0.6886307705 0.3122984026
"D14" 44.2581 9.245780356 3.756038944 1.290303479 -0.4378076288 2.167019152 -1.302503874 0.6869196137 0.3083169908
"Q4" 44.4699 9.623015456 3.440234057 1.344420839 -0.07093808933 -0.4201297885 -0.2182624913 0.6833820134 0.2988460961
"D18" 45.144 9.112121294 3.284350975 1.392243503 -0.07093808933 -0.3377086956 -0.01296778565 0.6719140856 0.2667086789
"STHB" 45.144 9.112121294 3.284350975 1.392243503 -0.07093808933 -0.3377086956 -0.01296778565 0.6719140856 0.2667086789
"SI" 45.144 9.112121294 3.284350975 1.392243503 -0.07093808933 -0.3377086956 -0.01296778565 0.6719140856 0.2667086789
"BI" 45.3674 9.011604199 3.261799987 1.403684753 -0.001008804941 -0.3104783976 -0.01619937772 0.6679923275 0.2558347877
"BII" 45.5909 8.83551651 3.269871971 1.392693972 0.06891555264 -0.2832480996 -0.01911464051 0.6640096426 0.2449368108
"D17" 46.0199 8.614990477 3.309776029 1.3631292 0.06891555264 -0.2307985967 0.1121310924 0.6561805899 0.2241230106
"MON" 46.0199 8.614990477 3.309776029 1.3631292 0.06891555264 -0.2307985967 0.1121310924 0.6561805899 0.2241230106
"D16" 46.0899 8.583277747 3.326973459 1.358305111 0.06891555264 -0.2222404027 0.1335464801 0.6548849957 0.2207654302
"STV" 46.1499 8.557049034 3.3441004 1.354170178 0.06891555264 -0.2149048079 0.1519025267 0.6537707363 0.21790237
"D15" 46.265 8.509178971 3.383138782 1.346234794 0.06891555264 -0.2008270067 0.1871297686 0.6516230135 0.212452876
"Q4" 46.4768 7.943265718 3.681888587 1.292488492 0.4363419244 -2.419787677 1.251507421 0.6475641534 0.2028064951
"D14" 46.5739 7.481262821 3.931625602 1.250099402 0.4363419244 -2.335946161 1.319218386 0.6455584265 0.1987423136
"SF" 46.6879 6.959883191 4.241465586 1.200356422 0.4363419244 -2.237559366 1.398676215 0.6430439093 0.1942986891
"D13" 46.9446 5.86790157 5.005544009 1.088337851 0.4363419244 -2.015997483 1.577611064 0.6366486566 0.1854266274
"Q3" 47.1572 4.85845627 5.909518669 0.9763462156 0.6142111675 -2.675142405 2.726900287 0.6303496751 0.1791670741
"D12" 47.2519 4.366729237 6.438921688 0.9181669054 0.6142111675 -2.516122907 2.862118302 0.6270764616 0.1767230503
"SD" 47.3699 3.796299872 7.134258465 0.8456899876 0.6142111675 -2.318024252 3.030566243 0.6224632374 0.1739520084
"D11" 47.8409 1.985148178 10.30573542 0.5563965277 0.6142111675 -1.527308434 3.702930481 0.595021071 0.1652052776
"BB" 48.7953 0.6515367611 16.24859035 0.1447088886 0.2950013181 -0.01737407128 3.503010141 0.4400488444 0.1534557465
"BA" 49.7498 1.922642403 23.67952754 0.001494661412 0.002749725487 1.492560291 2.032027909 0.281233057 0.1457084446
"D21" 50.2318 3.751496557 25.68872531 0.0001692937273 0.002749725487 2.301742933 2.136432199 0.2525136738 0.1425978958
"S1" 50.3318 4.228633165 26.11817782 -0.0001056788215 0.002749725487 2.469623149 2.158092839 0.248517324 0.1419834572
"D22" 50.4376 4.769997331 26.57725487 -0.000396599778 0.002749725487 2.647240418 2.181009798 0.2447677071 0.14134434
"QC" 50.742 6.423006503 28.46372757 -0.001227043931 0.002697682285 2.747833011 4.05653229 0.2360391358 0.139577155
"D23" 50.8608 7.094680053 29.43621475 -0.001547528587 0.002697682285 2.90598475 4.129386696 0.2332380694 0.1389239479
"SQ" 50.9308 7.508041011 30.01733383 -0.001736366347 0.002697682285 2.999171802 4.172314376 0.2317115754 0.1385491548
"D24" 51.0398 8.177676969 30.93418441 -0.002030413716 0.002697682285 3.144277354 4.239158907 0.2294975513 0.1379798535
"STH" 51.0908 8.501855824 31.36817369 -0.002167995512 0.002697682285 3.212170777 4.270434788 0.2285240844 0.1377192822
"D25" 51.2188 9.345982638 32.47145253 -0.002513298845 0.002697682285 3.382569957 4.348931117 0.2262386136 0.1370809662
"STV" 51.2788 9.75668351 32.99553197 -0.002675159782 0.002697682285 3.462444572 4.385726272 0.2252385891 0.136789228
"D26" 51.3987 10.60611569 34.05604526 -0.002998611888 0.002697682285 3.622060679 4.459255256 0.2233626442 0.1362199616
"QB" 51.8009 18.02529695 27.55544309 -0.004615666684 0.005549349589 16.68627192 -18.92190736 0.218490173 0.1342362747
"D271" 51.9292 22.56404181 22.91283678 -0.005327925704 0.005549349589 18.67597866 -17.24954806 0.2174772667 0.1334233043
"MON" 51.9292 22.56404181 22.91283678 -0.005327925704 0.005549349589 18.67597866 -17.24954806 0.2174772667 0.1334233043
"D272" 52.0576 27.6135444 18.69952511 -0.006040184724 0.005549349589 20.6656854 -15.57718876 0.2166588992 0.1324364249
"QA" 52.362 33.00448839 14.02762636 -0.006903258542 8.354131379e-08 -4.489845827 -1.055761788 0.2151215408 0.1293159614
"D29" 52.6023 30.88368742 13.52893203 -0.006903278617 8.354131379e-08 -4.335792861 -1.019537106 0.2139236232 0.1265396251
"DISPLU" 52.6023 30.88368742 13.52893203 -0.006903278617 8.354131379e-08 -4.335792861 -1.019537106 0.2139236232 0.1265396251
"DIDREST" 52.6655 30.33820385 13.40066467 -0.006903283897 8.354131379e-08 -4.295276225 -1.010009849 0.2135950153 0.125792585
"DID10" 52.7655 29.48555947 13.20017017 -0.006903292251 8.354131379e-08 -4.231167625 -0.994935075 0.2130628809 0.1245959236
"DID10" 52.8655 28.6457368 13.00269064 -0.006903300605 8.354131379e-08 -4.167059025 -0.9798603011 0.2125152521 0.1233810867
"DID10" 52.9655 27.81873586 12.80822605 -0.006903308959 8.354131379e-08 -4.102950424 -0.9647855272 0.2119514556 0.122147802
"DID10" 53.0655 27.00455663 12.61677643 -0.006903317313 8.354131379e-08 -4.038841824 -0.9497107534 0.2113707796 0.1208957974
"DID10" 53.1655 26.20319913 12.42834175 -0.006903325668 8.354131379e-08 -3.974733224 -0.9346359795 0.2107724707 0.1196248021
"DID10" 53.2655 25.41466334 12.24292203 -0.006903334022 8.354131379e-08 -3.910624623 -0.9195612057 0.2101557311 0.1183345465
"DID10" 53.3655 24.63894928 12.06051727 -0.006903342376 8.354131379e-08 -3.846516023 -0.9044864318 0.2095197151 0.1170247629
"DID10" 53.4655 23.87605693 11.88112746 -0.00690335073 8.354131379e-08 -3.782407423 -0.8894116579 0.2088635261 0.1156951863
"DID10" 53.5655 23.12598631 11.70475261 -0.006903359084 8.354131379e-08 -3.718298822 -0.8743368841 0.2081862121 0.1143455542
"DID10" 53.6655 22.3887374 11.53139271 -0.006903367438 8.354131379e-08 -3.654190222 -0.8592621102 0.2074867623 0.1129756081
"DID10" 53.7655 21.66431022 11.36104776 -0.006903375792 8.354131379e-08 -3.590081622 -0.8441873363 0.2067641016 0.1115850934
"DID10" 53.8655 20.95270475 11.19371777 -0.006903384146 8.354131379e-08 -3.525973021 -0.8291125625 0.2060170868 0.1101737605
"DID10" 53.9655 20.25392101 11.02940274 -0.006903392501 8.354131379e-08 -3.461864421 -0.8140377886 0.2052445001 0.1087413654
"DID10" 54.0655 19.56795899 10.86810266 -0.006903400855 8.354131379e-08 -3.397755821 -0.7989630147 0.2044450439 0.1072876704
"DID10" 54.1655 18.89481868 10.70981753 -0.006903409209 8.354131379e-08 -3.33364722 -0.7838882409 0.2036173344 0.1058124448
"DID10" 54.2655 18.2345001 10.55454736 -0.006903417563 8.354131379e-08 -3.26953862 -0.768813467 0.202759894 0.1043154658
"DID10" 54.3655 17.58700323 10.40229215 -0.006903425917 8.354131379e-08 -3.20543002 -0.7537386932 0.2018711442 0.1027965196
"DID10" 54.4655 16.95232809 10.25305188 -0.006903434271 8.354131379e-08 -3.141321419 -0.7386639193 0.2009493967 0.1012554019
"DID10" 54.5655 16.33047467 10.10682658 -0.006903442625 8.354131379e-08 -3.077212819 -0.7235891454 0.1999928445 0.09969191898
"DID10" 54.6655 15.72144296 9.963616226 -0.00690345098 8.354131379e-08 -3.013104219 -0.7085143716 0.1989995515 0.09810588891
"DID10" 54.7655 15.12523298 9.823420829 -0.006903459334 8.354131379e-08 -2.948995618 -0.6934395977 0.1979674417 0.09649714225
"DID10" 54.8655 14.54184471 9.686240387 -0.006903467688 8.354131379e-08 -2.884887018 -0.6783648238 0.1968942862 0.09486552329
"DID10" 54.9655 13.97127817 9.5520749 -0.006903476042 8.354131379e-08 -2.820778418 -0.66329005 0.1957776907 0.09321089109
"DID10" 55.0655 13.41353335 9.420924367 -0.006903484396 8.354131379e-08 -2.756669818 -0.6482152761 0.19461508 0.09153312057
"DID10" 55.1655 12.86861024 9.292788789 -0.00690349275 8.354131379e-08 -2.692561217 -0.6331405023 0.1934036818 0.08983210375
"DID10" 55.2655 12.33650886 9.167668166 -0.006903501104 8.354131379e-08 -2.628452617 -0.6180657284 0.1921405091 0.08810775085
"DID10" 55.3655 11.8172292 9.045562498 -0.006903509458 8.354131379e-08 -2.564344017 -0.6029909545 0.19082234 0.08635999152
"DID10" 55.4655 11.31077125 8.926471785 -0.006903517813 8.354131379e-08 -2.500235416 -0.5879161807 0.1894456962 0.08458877608
"DID10" 55.5655 10.81713503 8.810396026 -0.006903526167 8.354131379e-08 -2.436126816 -0.5728414068 0.1880068187 0.08279407675
"DID10" 55.6655 10.33632053 8.697335222 -0.006903534521 8.354131379e-08 -2.372018216 -0.5577666329 0.186501642 0.08097588887
"DID10" 55.7655 9.868327745 8.587289373 -0.006903542875 8.354131379e-08 -2.307909615 -0.5426918591 0.1849257644 0.0791342322
"DID10" 55.8655 9.413156682 8.480258478 -0.006903551229 8.354131379e-08 -2.243801015 -0.5276170852 0.1832744168 0.07726915215
"DID10" 55.9655 8.970807339 8.376242539 -0.006903559583 8.354131379e-08 -2.179692415 -0.5125423113 0.1815424272 0.075380721
"DID10" 56.0655 8.541279716 8.275241554 -0.006903567937 8.354131379e-08 -2.115583814 -0.4974675375 0.1797241824 0.07346903916
"DID10" 56.1655 8.124573813 8.177255524 -0.006903576292 8.354131379e-08 -2.051475214 -0.4823927636 0.1778135867 0.07153423638
"DID10" 56.2655 7.72068963 8.082284448 -0.006903584646 8.354131379e-08 -1.987366614 -0.4673179898 0.1758040158 0.06957647285
"DID10" 56.3655 7.329627167 7.990328328 -0.006903593 8.354131379e-08 -1.923258013 -0.4522432159 0.1736882679 0.0675959404
"DID10" 56.4655 6.951386425 7.901387162 -0.006903601354 8.354131379e-08 -1.859149413 -0.437168442 0.1714585101 0.06559286354
"DID10" 56.5655 6.585967402 7.815460951 -0.006903609708 8.354131379e-08 -1.795040813 -0.4220936682 0.1691062224 0.06356750048
"DID10" 56.6655 6.2333701 7.732549695 -0.006903618062 8.354131379e-08 -1.730932212 -0.4070188943 0.166622137 0.06152014408
"DID10" 56.7655 5.893594517 7.652653393 -0.006903626416 8.354131379e-08 -1.666823612 -0.3919441204 0.1639961761 0.05945112268
"DID10" 56.8655 5.566640655 7.575772046 -0.00690363477 8.354131379e-08 -1.602715012 -0.3768693466 0.1612173877 0.0573608009
"DID10" 56.9655 5.252508513 7.501905655 -0.006903643125 8.354131379e-08 -1.538606411 -0.3617945727 0.1582738818 0.05524958027
"DID10" 57.0655 4.95119809 7.431054217 -0.006903651479 8.354131379e-08 -1.474497811 -0.3467197989 0.1551527692 0.05311789982
"DID10" 57.1655 4.662709388 7.363217735 -0.006903659833 8.354131379e-08 -1.410389211 -0.331645025 0.1518401069 0.05096623646
"DID10" 57.2655 4.387042406 7.298396207 -0.006903668187 8.354131379e-08 -1.34628061 -0.3165702511 0.1483208544 0.04879510529
"DID10" 57.3655 4.124197144 7.236589635 -0.006903676541 8.354131379e-08 -1.28217201 -0.3014954773 0.144578848 0.04660505974
"DID10" 57.4655 3.874173602 7.177798016 -0.006903684895 8.354131379e-08 -1.21806341 -0.2864207034 0.1405968027 0.04439669158
"DID10" 57.5655 3.63697178 7.122021353 -0.006903693249 8.354131379e-08 -1.153954809 -0.2713459295 0.1363563521 0.04217063069
"DID10" 57.6655 3.412591678 7.069259645 -0.006903701603 8.354131379e-08 -1.089846209 -0.2562711557 0.1318381429 0.03992754478
"DID10" 57.7655 3.201033296 7.019512891 -0.006903709958 8.354131379e-08 -1.025737609 -0.2411963818 0.1270220023 0.03766813885
"DID10" 57.8655 3.002296635 6.972781092 -0.006903718312 8.354131379e-08 -0.9616290085 -0.2261216079 0.1218872017 0.03539315447
"DID10" 57.9655 2.816381693 6.929064248 -0.006903726666 8.354131379e-08 -0.8975204082 -0.2110468341 0.1164128435 0.03310336895
"DID10" 58.0655 2.643288471 6.888362358 -0.00690373502 8.354131379e-08 -0.8334118079 -0.1959720602 0.1105784009 0.03079959422
"DID10" 58.1655 2.48301697 6.850675424 -0.006903743374 8.354131379e-08 -0.7693032075 -0.1808972864 0.1043644423 0.02848267558
"DID10" 58.2655 2.335567188 6.816003444 -0.006903751728 8.354131379e-08 -0.7051946072 -0.1658225125 0.09775356652 0.0261534903
"DID10" 58.3655 2.200939127 6.784346419 -0.006903760082 8.354131379e-08 -0.6410860069 -0.1507477386 0.09073156622 0.02381294593
"DID10" 58.4655 2.079132786 6.755704348 -0.006903768437 8.354131379e-08 -0.5769774066 -0.1356729648 0.08328881837 0.02146197857
"DID10" 58.5655 1.970148164 6.730077233 -0.006903776791 8.354131379e-08 -0.5128688063 -0.1205981909 0.07542186748 0.01910155082
"DID10" 58.6655 1.873985263 6.707465072 -0.006903785145 8.354131379e-08 -0.4487602059 -0.105523417 0.06713512492 0.0167326497
"DID10" 58.7655 1.790644082 6.687867866 -0.006903793499 8.354131379e-08 -0.3846516056 -0.09044864318 0.05844255185 0.01435628432
"DID10" 58.8655 1.720124621 6.671285615 -0.006903801853 8.354131379e-08 -0.3205430053 -0.07537386932 0.04936913596 0.01197348347
"DID10" 58.9655 1.66242688 6.657718318 -0.006903810207 8.354131379e-08 -0.256434405 -0.06029909545 0.03995192397 0.009585293034
"DID10" 59.0655 1.617550859 6.647165976 -0.006903818561 8.354131379e-08 -0.1923258046 -0.04522432159 0.03024035442 0.007192773353
"DID10" 59.1655 1.585496558 6.63962859 -0.006903826915 8.354131379e-08 -0.1282172043 -0.03014954773 0.02029566679 0.004796996423
"DID10" 59.2655 1.566263977 6.635106157 -0.00690383527 8.354131379e-08 -0.064108604 -0.01507477386 0.01018925691 0.002399043061
"DID10" 59.3655 1.559853116 6.63359868 -0.006903843624 8.354131379e-08 -3.675141663e-09 -5.198299394e-15 0 0
"HALF2$START" 59.3655 1.559853116 6.63359868 -0.006903843624 8.354131379e-08 -3.675141663e-09 -5.198299394e-15 0 0
"DID10" 59.4655 1.566263977 6.635106157 -0.00690383527 8.354131379e-08 -0.064108604 -0.01507477386 0.01018925691 0.002399043061
"DID10" 59.5655 1.585496558 6.63962859 -0.006903826915 8.354131379e-08 -0.1282172043 -0.03014954773 0.02029566679 0.004796996423
"DID10" 59.6655 1.617550859 6.647165976 -0.006903818561 8.354131379e-08 -0.1923258046 -0.04522432159 0.03024035442 0.007192773353
"DID10" 59.7655 1.66242688 6.657718318 -0.006903810207 8.354131379e-08 -0.256434405 -0.06029909545 0.03995192397 0.009585293034
"DID10" 59.8655 1.720124621 6.671285615 -0.006903801853 8.354131379e-08 -0.3205430053 -0.07537386932 0.04936913596 0.01197348347
"DID10" 59.9655 1.790644082 6.687867866 -0.006903793499 8.354131379e-08 -0.3846516056 -0.09044864318 0.05844255185 0.01435628432
"DID10" 60.0655 1.873985263 6.707465072 -0.006903785145 8.354131379e-08 -0.4487602059 -0.105523417 0.06713512492 0.0167326497
"DID10" 60.1655 1.970148164 6.730077233 -0.006903776791 8.354131379e-08 -0.5128688063 -0.1205981909 0.07542186748 0.01910155082
"DID10" 60.2655 2.079132786 6.755704348 -0.006903768437 8.354131379e-08 -0.5769774066 -0.1356729648 0.08328881837 0.02146197857
"DID10" 60.3655 2.200939127 6.784346419 -0.006903760082 8.354131379e-08 -0.6410860069 -0.1507477386 0.09073156622 0.02381294593
"DID10" 60.4655 2.335567188 6.816003444 -0.006903751728 8.354131379e-08 -0.7051946072 -0.1658225125 0.09775356652 0.0261534903
"DID10" 60.5655 2.48301697 6.850675424 -0.006903743374 8.354131379e-08 -0.7693032075 -0.1808972864 0.1043644423 0.02848267558
"DID10" 60.6655 2.643288471 6.888362358 -0.00690373502 8.354131379e-08 -0.8334118079 -0.1959720602 0.1105784009 0.03079959422
"DID10" 60.7655 2.816381693 6.929064248 -0.006903726666 8.354131379e-08 -0.8975204082 -0.2110468341 0.1164128435 0.03310336895
"DID10" 60.8655 3.002296635 6.972781092 -0.006903718312 8.354131379e-08 -0.9616290085 -0.2261216079 0.1218872017 0.03539315447
"DID10" 60.9655 3.201033296 7.019512891 -0.006903709958 8.354131379e-08 -1.025737609 -0.2411963818 0.1270220023 0.03766813885
"DID10" 61.0655 3.412591678 7.069259645 -0.006903701603 8.354131379e-08 -1.089846209 -0.2562711557 0.1318381429 0.03992754478
"DID10" 61.1655 3.63697178 7.122021353 -0.006903693249 8.354131379e-08 -1.153954809 -0.2713459295 0.1363563521 0.04217063069
"DID10" 61.2655 3.874173602 7.177798016 -0.006903684895 8.354131379e-08 -1.21806341 -0.2864207034 0.1405968027 0.04439669158
"DID10" 61.3655 4.124197144 7.236589635 -0.006903676541 8.354131379e-08 -1.28217201 -0.3014954773 0.144578848 0.04660505974
"DID10" 61.4655 4.387042406 7.298396207 -0.006903668187 8.354131379e-08 -1.34628061 -0.3165702511 0.1483208544 0.04879510529
"DID10" 61.5655 4.662709388 7.363217735 -0.006903659833 8.354131379e-08 -1.410389211 -0.331645025 0.1518401069 0.05096623646
"DID10" 61.6655 4.95119809 7.431054217 -0.006903651479 8.354131379e-08 -1.474497811 -0.3467197989 0.1551527692 0.05311789982
"DID10" 61.7655 5.252508513 7.501905655 -0.006903643125 8.354131379e-08 -1.538606411 -0.3617945727 0.1582738818 0.05524958027
"DID10" 61.8655 5.566640655 7.575772046 -0.00690363477 8.354131379e-08 -1.602715012 -0.3768693466 0.1612173877 0.0573608009
"DID10" 61.9655 5.893594517 7.652653393 -0.006903626416 8.354131379e-08 -1.666823612 -0.3919441204 0.1639961761 0.05945112268
"DID10" 62.0655 6.2333701 7.732549695 -0.006903618062 8.354131379e-08 -1.730932212 -0.4070188943 0.166622137 0.06152014408
"DID10" 62.1655 6.585967402 7.815460951 -0.006903609708 8.354131379e-08 -1.795040813 -0.4220936682 0.1691062224 0.06356750048
"DID10" 62.2655 6.951386425 7.901387162 -0.006903601354 8.354131379e-08 -1.859149413 -0.437168442 0.1714585101 0.06559286354
"DID10" 62.3655 7.329627167 7.990328328 -0.006903593 8.354131379e-08 -1.923258013 -0.4522432159 0.1736882679 0.0675959404
"DID10" 62.4655 7.72068963 8.082284448 -0.006903584646 8.354131379e-08 -1.987366614 -0.4673179898 0.1758040158 0.06957647285
"DID10" 62.5655 8.124573813 8.177255524 -0.006903576292 8.354131379e-08 -2.051475214 -0.4823927636 0.1778135867 0.07153423638
"DID10" 62.6655 8.541279716 8.275241554 -0.006903567937 8.354131379e-08 -2.115583814 -0.4974675375 0.1797241824 0.07346903916
"DID10" 62.7655 8.970807339 8.376242539 -0.006903559583 8.354131379e-08 -2.179692415 -0.5125423113 0.1815424272 0.075380721
"DID10" 62.8655 9.413156682 8.480258478 -0.006903551229 8.354131379e-08 -2.243801015 -0.5276170852 0.1832744168 0.07726915215
"DID10" 62.9655 9.868327745 8.587289373 -0.006903542875 8.354131379e-08 -2.307909615 -0.5426918591 0.1849257644 0.0791342322
"DID10" 63.0655 10.33632053 8.697335222 -0.006903534521 8.354131379e-08 -2.372018216 -0.5577666329 0.186501642 0.08097588887
"DID10" 63.1655 10.81713503 8.810396026 -0.006903526167 8.354131379e-08 -2.436126816 -0.5728414068 0.1880068187 0.08279407675
"DID10" 63.2655 11.31077125 8.926471785 -0.006903517813 8.354131379e-08 -2.500235416 -0.5879161807 0.1894456962 0.08458877608
"DID10" 63.3655 11.8172292 9.045562498 -0.006903509458 8.354131379e-08 -2.564344017 -0.6029909545 0.19082234 0.08635999152
"DID10" 63.4655 12.33650886 9.167668166 -0.006903501104 8.354131379e-08 -2.628452617 -0.6180657284 0.1921405091 0.08810775085
"DID10" 63.5655 12.86861024 9.292788789 -0.00690349275 8.354131379e-08 -2.692561217 -0.6331405023 0.1934036818 0.08983210375
"DID10" 63.6655 13.41353335 9.420924367 -0.006903484396 8.354131379e-08 -2.756669818 -0.6482152761 0.19461508 0.09153312057
"DID10" 63.7655 13.97127817 9.5520749 -0.006903476042 8.354131379e-08 -2.820778418 -0.66329005 0.1957776907 0.09321089109
"DID10" 63.8655 14.54184471 9.686240387 -0.006903467688 8.354131379e-08 -2.884887018 -0.6783648238 0.1968942862 0.09486552329
"DID10" 63.9655 15.12523298 9.823420829 -0.006903459334 8.354131379e-08 -2.948995618 -0.6934395977 0.1979674417 0.09649714225
"DID10" 64.0655 15.72144296 9.963616226 -0.00690345098 8.354131379e-08 -3.013104219 -0.7085143716 0.1989995515 0.09810588891
"DID10" 64.1655 16.33047467 10.10682658 -0.006903442625 8.354131379e-08 -3.077212819 -0.7235891454 0.1999928445 0.09969191898
"DID10" 64.2655 16.95232809 10.25305188 -0.006903434271 8.354131379e-08 -3.141321419 -0.7386639193 0.2009493967 0.1012554019
"DID10" 64.3655 17.58700323 10.40229215 -0.006903425917 8.354131379e-08 -3.20543002 -0.7537386932 0.2018711442 0.1027965196
"DID10" 64.4655 18.2345001 10.55454736 -0.006903417563 8.354131379e-08 -3.26953862 -0.768813467 0.202759894 0.1043154658
"DID10" 64.5655 18.89481868 10.70981753 -0.006903409209 8.354131379e-08 -3.33364722 -0.7838882409 0.2036173344 0.1058124448
"DID10" 64.6655 19.56795899 10.86810266 -0.006903400855 8.354131379e-08 -3.397755821 -0.7989630147 0.2044450439 0.1072876704
"DID10" 64.7655 20.25392101 11.02940274 -0.006903392501 8.354131379e-08 -3.461864421 -0.8140377886 0.2052445001 0.1087413654
"DID10" 64.8655 20.95270475 11.19371777 -0.006903384146 8.354131379e-08 -3.525973021 -0.8291125625 0.2060170868 0.1101737605
"DID10" 64.9655 21.66431022 11.36104776 -0.006903375792 8.354131379e-08 -3.590081622 -0.8441873363 0.2067641016 0.1115850934
"DID10" 65.0655 22.3887374 11.53139271 -0.006903367438 8.354131379e-08 -3.654190222 -0.8592621102 0.2074867623 0.1129756081
"DID10" 65.1655 23.12598631 11.70475261 -0.006903359084 8.354131379e-08 -3.718298822 -0.8743368841 0.2081862121 0.1143455542
"DID10" 65.2655 23.87605693 11.88112746 -0.00690335073 8.354131379e-08 -3.782407423 -0.8894116579 0.2088635261 0.1156951863
"DID10" 65.3655 24.63894928 12.06051727 -0.006903342376 8.354131379e-08 -3.846516023 -0.9044864318 0.2095197151 0.1170247629
"DID10" 65.4655 25.41466334 12.24292203 -0.006903334022 8.354131379e-08 -3.910624623 -0.9195612057 0.2101557311 0.1183345465
"DID10" 65.5655 26.20319913 12.42834175 -0.006903325668 8.354131379e-08 -3.974733224 -0.9346359795 0.2107724707 0.1196248021
"DID10" 65.6655 27.00455663 12.61677643 -0.006903317313 8.354131379e-08 -4.038841824 -0.9497107534 0.2113707796 0.1208957974
"DID10" 65.7655 27.81873586 12.80822605 -0.006903308959 8.354131379e-08 -4.102950424 -0.9647855272 0.2119514556 0.122147802
"DID10" 65.8655 28.6457368 13.00269064 -0.006903300605 8.354131379e-08 -4.167059025 -0.9798603011 0.2125152521 0.1233810867
"DID10" 65.9655 29.48555947 13.20017017 -0.006903292251 8.354131379e-08 -4.231167625 -0.994935075 0.2130628809 0.1245959236
"DID10" 66.0655 30.33820385 13.40066467 -0.006903283897 8.354131379e-08 -4.295276225 -1.010009849 0.2135950153 0.125792585
"DIDREST" 66.1287 30.88368742 13.52893203 -0.006903278617 8.354131379e-08 -4.335792861 -1.019537106 0.2139236232 0.1265396251
"DISPLU" 66.1287 30.88368742 13.52893203 -0.006903278617 8.354131379e-08 -4.335792861 -1.019537106 0.2139236232 0.1265396251
"D29" 66.369 33.00448839 14.02762636 -0.006903258542 8.354131379e-08 -4.489845827 -1.055761788 0.2151215408 0.1293159614
"QA" 66.6734 27.6135444 18.69952511 -0.006040184724 0.005549349589 20.6656854 -15.57718876 0.2166588992 0.1324364249
"D272" 66.8017 22.56404181 22.91283678 -0.005327925704 0.005549349589 18.67597866 -17.24954806 0.2174772667 0.1334233043
"MON" 66.8017 22.56404181 22.91283678 -0.005327925704 0.005549349589 18.67597866 -17.24954806 0.2174772667 0.1334233043
"D271" 66.9301 18.02529695 27.55544309 -0.004615666684 0.005549349589 16.68627192 -18.92190736 0.218490173 0.1342362747
"QB" 67.3323 10.60611569 34.05604526 -0.002998611888 0.002697682285 3.622060679 4.459255256 0.2233626442 0.1362199616
"D26" 67.4522 9.75668351 32.99553197 -0.002675159782 0.002697682285 3.462444572 4.385726272 0.2252385891 0.136789228
"STV" 67.5122 9.345982638 32.47145253 -0.002513298845 0.002697682285 3.382569957 4.348931117 0.2262386136 0.1370809662
"D25" 67.6402 8.501855824 31.36817369 -0.002167995512 0.002697682285 3.212170777 4.270434788 0.2285240844 0.1377192822
"STH" 67.6912 8.177676969 30.93418441 -0.002030413716 0.002697682285 3.144277354 4.239158907 0.2294975513 0.1379798535
"D24" 67.8002 7.508041011 30.01733383 -0.001736366347 0.002697682285 2.999171802 4.172314376 0.2317115754 0.1385491548
"SQ" 67.8702 7.094680053 29.43621475 -0.001547528587 0.002697682285 2.90598475 4.129386696 0.2332380694 0.1389239479
"D23" 67.989 6.423006503 28.46372757 -0.001227043931 0.002697682285 2.747833011 4.05653229 0.2360391358 0.139577155
"QC" 68.2934 4.769997331 26.57725487 -0.000396599778 0.002749725487 2.647240418 2.181009798 0.2447677071 0.14134434
"D22" 68.3992 4.228633165 26.11817782 -0.0001056788215 0.002749725487 2.469623149 2.158092839 0.248517324 0.1419834572
"S1" 68.4992 3.751496557 25.68872531 0.0001692937273 0.002749725487 2.301742933 2.136432199 0.2525136738 0.1425978958
"D21" 68.9812 1.922642403 23.67952754 0.001494661412 0.002749725487 1.492560291 2.032027909 0.281233057 0.1457084446
"BA" 69.9356 0.6515367611 16.24859035 0.1447088886 0.2950013181 -0.01737407128 3.503010141 0.4400488444 0.1534557465
"BB" 70.8901 1.985148178 10.30573542 0.5563965277 0.6142111675 -1.527308434 3.702930481 0.595021071 0.1652052776
"D11" 71.3611 3.796299872 7.134258465 0.8456899876 0.6142111675 -2.318024252 3.030566243 0.6224632374 0.1739520084
"SD" 71.4791 4.366729237 6.438921688 0.9181669054 0.6142111675 -2.516122907 2.862118302 0.6270764616 0.1767230503
"D12" 71.5738 4.85845627 5.909518669 0.9763462156 0.6142111675 -2.675142405 2.726900287 0.6303496751 0.1791670741
"Q3" 71.7864 5.86790157 5.005544009 1.088337851 0.4363419244 -2.015997483 1.577611064 0.6366486566 0.1854266274
"D13" 72.0431 6.959883191 4.241465586 1.200356422 0.4363419244 -2.237559366 1.398676215 0.6430439093 0.1942986891
"SF" 72.1571 7.481262821 3.931625602 1.250099402 0.4363419244 -2.335946161 1.319218386 0.6455584265 0.1987423136
"D14" 72.2542 7.943265718 3.681888587 1.292488492 0.4363419244 -2.419787677 1.251507421 0.6475641534 0.2028064951
"Q4" 72.466 8.509178971 3.383138782 1.346234794 0.06891555264 -0.2008270067 0.1871297686 0.6516230135 0.212452876
"D15" 72.5811 8.557049034 3.3441004 1.354170178 0.06891555264 -0.2149048079 0.1519025267 0.6537707363 0.21790237
"STV" 72.6411 8.583277747 3.326973459 1.358305111 0.06891555264 -0.2222404027 0.1335464801 0.6548849957 0.2207654302
"D16" 72.7111 8.614990477 3.309776029 1.3631292 0.06891555264 -0.2307985967 0.1121310924 0.6561805899 0.2241230106
"MON" 72.7111 8.614990477 3.309776029 1.3631292 0.06891555264 -0.2307985967 0.1121310924 0.6561805899 0.2241230106
"D17" 73.1401 8.83551651 3.269871971 1.392693972 0.06891555264 -0.2832480996 -0.01911464051 0.6640096426 0.2449368108
"BII" 73.3636 9.011604199 3.261799987 1.403684753 -0.001008804941 -0.3104783976 -0.01619937772 0.6679923275 0.2558347877
"BI" 73.587 9.112121294 3.284350975 1.392243503 -0.07093808933 -0.3377086956 -0.01296778565 0.6719140856 0.2667086789
"SI" 73.587 9.112121294 3.284350975 1.392243503 -0.07093808933 -0.3377086956 -0.01296778565 0.6719140856 0.2667086789
"STHB" 73.587 9.112121294 3.284350975 1.392243503 -0.07093808933 -0.3377086956 -0.01296778565 0.6719140856 0.2667086789
"D18" 74.2611 9.623015456 3.440234057 1.344420839 -0.07093808933 -0.4201297885 -0.2182624913 0.6833820134 0.2988460961
"Q4" 74.4729 9.245780356 3.756038944 1.290303479 -0.4378076288 2.167019152 -1.302503874 0.6869196137 0.3083169908
"D14" 74.57 8.830557752 4.01588161 1.247772 -0.4378076288 2.107170905 -1.372246794 0.6886307705 0.3122984026
"SF" 74.684 8.358129124 4.338083901 1.197861931 -0.4378076288 2.036939861 -1.454089093 0.6907427472 0.3166459023
"D13" 74.9407 7.352876857 5.131992254 1.08546708 -0.4378076288 1.878783246 -1.638393644 0.6959556268 0.3253096493
"Q3" 75.1533 6.335768425 6.068069684 0.9732180419 -0.6151600724 2.8479691 -2.818983424 0.7008826951 0.3314102295
"D12" 75.248 5.809140004 6.615337736 0.9149488495 -0.6151600724 2.711757474 -2.958640067 0.7033677333 0.3337897304
"SD" 75.366 5.189188157 7.334106121 0.842359961 -0.6151600724 2.542071742 -3.132617431 0.7067885511 0.3364860621
"D11" 75.837 3.11356719 10.61211066 0.5526195669 -0.6151600724 1.864766828 -3.827052504 0.7254807801 0.3449871222
"BA" 76.7914 1.008673169 16.76003412 0.1398668996 -0.2959087604 0.571399553 -3.622861588 0.8145182505 0.3563871632
"BB" 77.7459 1.05787334 24.44347163 -0.003989211907 -0.003698630418 -0.7219677221 -2.104120865 0.996661852 0.3638950118
"D31" 78.2436 2.132637595 26.59278009 -0.005829909307 -0.003698630418 -1.437624487 -2.214621398 1.050411208 0.3670019017
"Q2" 78.5402 3.678671197 22.91015683 -0.007539999105 -0.008016804048 -4.107803679 13.81181817 1.067855347 0.3688533239
"D32" 78.6489 4.628840035 20.00714329 -0.008411185201 -0.008016804048 -4.635813122 12.90221086 1.072047126 0.3696611634
"S1" 78.7489 5.604590995 17.51040475 -0.009212865605 -0.008016804048 -5.121696478 12.06517459 1.075172054 0.3705114818
"D33" 78.8529 6.721950585 15.09238981 -0.01004625247 -0.008016804048 -5.626796521 11.19503354 1.077867724 0.3715292324
"Q1" 79.1589 8.573891213 11.85751787 -0.01122210675 0.000487946315 0.06819186415 0.2051832748 1.084032777 0.3753185502
"D34" 79.2659 8.560644706 11.81463247 -0.01116991845 0.000487946315 0.05565935679 0.1957835146 1.086019743 0.376756753
"S2" 79.3659 8.55068459 11.77635462 -0.01112112382 0.000487946315 0.04394180515 0.1869949959 1.087880014 0.378106057
"STHX" 79.3659 8.55068459 11.77635462 -0.01112112382 0.000487946315 0.04394180515 0.1869949959 1.087880014 0.378106057
"D35" 79.4829 8.542006223 11.73380085 -0.0110640341 0.000487946315 0.03023226974 0.1767124291 1.090058924 0.379690178
"STV" 79.5429 8.538800183 11.71291175 -0.01103475732 0.000487946315 0.02320173876 0.1714393178 1.091177065 0.380504735
"D41" 79.6254 8.535769422 11.68522243 -0.01099450175 0.000487946315 0.01353475865 0.1641887899 1.092715081 0.381627081
"MON" 79.6254 8.535769422 11.68522243 -0.01099450175 0.000487946315 0.01353475865 0.1641887899 1.092715081 0.381627081
"D42" 79.7079 8.534333712 11.65872945 -0.01095424618 0.000487946315 0.003867778552 0.156938262 1.094253501 0.382752032
"DRFH" 80.7079 8.643773672 11.43273811 -0.01046629986 0.000487946315 -0.1133077378 0.06905307493 1.112825974 0.3965547283
"CAV" 80.7079 8.643773672 11.43273811 -0.01046629986 0.000487946315 -0.1133077378 0.06905307493 1.112825974 0.3965547283
"DISP0" 80.7079 8.643773672 11.43273811 -0.01046629986 0.000487946315 -0.1133077378 0.06905307493 1.112825974 0.3965547283
"DRFH" 81.7079 8.987564664 11.38251715 -0.009978353548 0.000487946315 -0.2304832542 -0.01883211212 1.130922015 0.4105243176
"D44" 82.7864 9.62101118 11.52536274 -0.009452103448 0.000487946315 -0.3568570486 -0.1136162863 1.149422684 0.4255328315
"MON" 82.7864 9.62101118 11.52536274 -0.009452103448 0.000487946315 -0.3568570486 -0.1136162863 1.149422684 0.4255328315
"D43" 82.8689 9.680690119 11.5447076 -0.009411847877 0.000487946315 -0.3665240287 -0.1208668143 1.150783238 0.4266711374
"STV" 82.9289 9.725094834 11.559528 -0.009382571098 0.000487946315 -0.3735545597 -0.1261399255 1.151767417 0.4274977687
"D35" 83.0459 9.814110617 11.59024781 -0.009325481379 0.000487946315 -0.3872640951 -0.1364224924 1.153673509 0.4291065498
"STHX" 83.0459 9.814110617 11.59024781 -0.009325481379 0.000487946315 -0.3872640951 -0.1364224924 1.153673509 0.4291065498
"S2" 83.1459 9.892735191 11.61841116 -0.009276686748 0.000487946315 -0.3989816468 -0.1452110111 1.155288775 0.4304780813
"D34" 83.2529 9.97942177 11.6504786 -0.009224498449 0.000487946315 -0.4115141541 -0.1546107713 1.157002017 0.4319412085
"Q1" 83.5589 7.994568659 14.79543093 -0.007996579172 0.007374277538 6.369055973 -10.92871468 1.162241556 0.4358022352
"D33" 83.6629 6.726563466 17.15558752 -0.00722998615 0.007374277538 5.828579475 -11.77492241 1.1644978 0.4368407245
"S1" 83.7629 5.612838961 19.59197335 -0.006492558397 0.007374277538 5.308665571 -12.58893591 1.167088108 0.4377088457
"D32" 83.8716 4.520451097 22.42418091 -0.005691195656 0.007374277538 4.743675132 -13.47352438 1.170521958 0.4385339985
"Q2" 84.1682 2.753004436 26.0008161 -0.003995017271 0.004245853023 1.595933843 2.210101804 1.18436198 0.4404265601
"D31" 84.6659 1.483615718 23.8570677 -0.001881983597 0.004245853023 0.9547296841 2.097468263 1.223961292 0.4436070094
"BA" 85.6204 0.884044944 16.29064435 0.1425850778 0.296432072 -0.2040834743 3.562648224 1.377316916 0.451315431
"BB" 86.5748 2.217836004 10.25558931 0.555711152 0.615707295 -1.362896633 3.735126706 1.49452973 0.4630784647
"D11" 87.0458 3.787507309 7.060512167 0.845709288 0.615707295 -1.969738835 3.048476571 1.52050918 0.4718922939
"SD" 87.1638 4.270305528 6.361370882 0.9183627488 0.615707295 -2.121771489 2.876449574 1.525179625 0.4746947003
"D12" 87.2585 4.683822373 5.829525027 0.9766837752 0.615707295 -2.243812481 2.738358546 1.528550742 0.477170392
"Q3" 87.4711 5.503209543 4.91899062 1.088985346 0.4377531911 -1.564080668 1.597388756 1.535175418 0.4835280035
"D13" 87.7278 6.347550688 4.146407084 1.201366221 0.4377531911 -1.724851111 1.412028185 1.542090682 0.4925799801
"SF" 87.8418 6.748955399 3.833848138 1.251270084 0.4377531911 -1.796242852 1.32971695 1.544862889 0.4971312307
"D14" 87.9389 7.103862947 3.582307544 1.293796275 0.4377531911 -1.857080201 1.25957442 1.547095926 0.5013037481
"Q4" 88.1507 7.478612457 3.275193327 1.347800262 0.06992673635 0.1217010386 0.2193418066 1.551674208 0.511243514
"D15" 88.2658 7.452384702 3.228923432 1.355852081 0.06992673635 0.1060762216 0.1824932052 1.554129086 0.5168800764
"STV" 88.3258 7.440144058 3.208176301 1.360047685 0.06992673635 0.09793451498 0.1632923082 1.555411528 0.51984722
"D16" 88.3958 7.427098132 3.186883451 1.364942557 0.06992673635 0.08843585725 0.1408912617 1.556910261 0.5233317215
"MON" 88.3958 7.427098132 3.186883451 1.364942557 0.06992673635 0.08843585725 0.1408912617 1.556910261 0.5233317215
"D17" 88.8248 7.37619363 3.12489462 1.394941126 0.06992673635 0.0302226549 0.003604848228 1.566140122 0.5450349061
"BII" 89.0482 7.405497193 3.108833967 1.40616316 -8.442932911e-08 7.293094114e-09 -7.283308647e-15 1.570948742 0.5564546603
"BI" 89.2717 7.376193624 3.12489462 1.394941089 -0.06992690562 -0.03022264031 -0.003604848228 1.575757362 0.5678744145
"SI" 89.2717 7.376193624 3.12489462 1.394941089 -0.06992690562 -0.03022264031 -0.003604848228 1.575757362 0.5678744145
"STHB" 89.2717 7.376193624 3.12489462 1.394941089 -0.06992690562 -0.03022264031 -0.003604848228 1.575757362 0.5678744145
"D18" 89.9458 7.47861243 3.275193327 1.34780011 -0.06992690562 -0.121701024 -0.2193418066 1.590223276 0.6016658066
"Q4" 90.1576 7.103862917 3.582307544 1.293796092 -0.4377533137 1.857080207 -1.25957442 1.594801558 0.6116055726
"D14" 90.2547 6.748955368 3.833848138 1.25126989 -0.4377533137 1.796242858 -1.32971695 1.597034595 0.6157780899
"SF" 90.3687 6.347550655 4.146407084 1.201366012 -0.4377533137 1.724851116 -1.412028185 1.599806802 0.6203293406
"D13" 90.6254 5.503209508 4.91899062 1.088985106 -0.4377533137 1.564080671 -1.597388756 1.606722066 0.6293813171
"Q3" 90.838 4.683822338 5.829525027 0.9766835134 -0.6157073744 2.243812477 -2.738358546 1.613346742 0.6357389286
"D12" 90.9327 4.270305494 6.361370882 0.9183624795 -0.6157073744 2.121771485 -2.876449574 1.616717859 0.6382146203
"SD" 91.0507 3.787507277 7.060512167 0.8457090093 -0.6157073744 1.96973883 -3.048476571 1.621388304 0.6410170267
"D11" 91.5217 2.217835977 10.25558931 0.5557108359 -0.6157073744 1.362896625 -3.735126706 1.647367754 0.649830856
"BA" 92.4761 0.8840449357 16.29064435 0.1425846726 -0.296432148 0.2040834613 -3.562648224 1.76458057 0.6615938896
"BB" 93.4306 1.483615739 23.8570677 -0.001882442556 -0.004245932439 -0.9547297022 -2.097468263 1.917936193 0.6693023112
"D31" 93.9283 2.753004476 26.0008161 -0.003995515753 -0.004245932439 -1.595933864 -2.210101804 1.957535505 0.6724827605
"Q2" 94.2249 4.52045116 22.42418091 -0.005691767797 -0.007374702741 -4.743675193 13.47352438 1.971375527 0.6743753222
"D32" 94.3336 5.612839038 19.59197335 -0.006493176744 -0.007374702741 -5.308665638 12.58893591 1.974809377 0.6752004749
"S1" 94.4336 6.726563557 17.15558752 -0.007230647018 -0.007374702741 -5.828579548 11.77492241 1.977399685 0.6760685962
"D33" 94.5376 7.994568765 14.79543093 -0.007997284241 -0.007374702741 -6.369056052 10.92871468 1.979655928 0.6771070854
"Q1" 94.8436 9.979421898 11.6504786 -0.009225245637 -0.0004877907918 0.4115141663 0.1546107713 1.984895468 0.6809681121
"D34" 94.9506 9.892735317 11.61841116 -0.009277417301 -0.0004877907918 0.398981659 0.1452110111 1.98660871 0.6824312393
"S2" 95.0506 9.81411074 11.59024781 -0.00932619638 -0.0004877907918 0.3872641074 0.1364224924 1.988223975 0.6838027708
"STHX" 95.0506 9.81411074 11.59024781 -0.00932619638 -0.0004877907918 0.3872641074 0.1364224924 1.988223975 0.6838027708
"D35" 95.1676 9.725094955 11.559528 -0.009383267903 -0.0004877907918 0.373554572 0.1261399255 1.990130068 0.685411552
"STV" 95.2276 9.680690238 11.5447076 -0.009412535351 -0.0004877907918 0.3665240411 0.1208668143 1.991114247 0.6862381832
"D51" 95.3101 9.621011297 11.52536274 -0.009452778091 -0.0004877907918 0.356857061 0.1136162863 1.992474801 0.6873764892
"MON" 95.3101 9.621011297 11.52536274 -0.009452778091 -0.0004877907918 0.356857061 0.1136162863 1.992474801 0.6873764892
"D52" 95.5406 9.462725757 11.477655 -0.009565213868 -0.0004877907918 0.3298481046 0.09335875074 1.996319964 0.6905663097
"DINJH" 96.8906 8.785688252 11.38575712 -0.01022373144 -0.0004877907918 0.1716611582 -0.02528625178 2.019971402 0.7094054471
"DISP0" 96.8906 8.785688252 11.38575712 -0.01022373144 -0.0004877907918 0.1716611582 -0.02528625178 2.019971402 0.7094054471
"DINJH" 98.2406 8.535755502 11.61420076 -0.01088224901 -0.0004877907918 0.01347421175 -0.1439312543 2.044884055 0.7281329961
"D54" 98.4711 8.535769455 11.68522243 -0.01099468478 -0.0004877907918 -0.01353474466 -0.1641887899 2.049182403 0.7312822396
"MON" 98.4711 8.535769455 11.68522243 -0.01099468478 -0.0004877907918 -0.01353474466 -0.1641887899 2.049182403 0.7312822396
"D53" 98.5536 8.538800214 11.71291175 -0.01103492752 -0.0004877907918 -0.02320172472 -0.1714393178 2.050720419 0.7324045856
"STV" 98.6136 8.542006253 11.73380085 -0.01106419497 -0.0004877907918 -0.03023225568 -0.1767124291 2.05183856 0.7332191426
"D35" 98.7306 8.550684616 11.77635462 -0.01112126649 -0.0004877907918 -0.04394179103 -0.1869949959 2.05401747 0.7348032637
"STHX" 98.7306 8.550684616 11.77635462 -0.01112126649 -0.0004877907918 -0.04394179103 -0.1869949959 2.05401747 0.7348032637
"S2" 98.8306 8.56064473 11.81463247 -0.01117004557 -0.0004877907918 -0.05565934262 -0.1957835146 2.055877741 0.7361525676
"D34" 98.9376 8.573891234 11.85751787 -0.01122221724 -0.0004877907918 -0.06819184992 -0.2051832748 2.057864707 0.7375907704
"Q1" 99.2436 6.721950593 15.09238981 -0.01004630425 0.008017024458 5.626796542 -11.19503354 2.06402976 0.7413800882
"D33" 99.3476 5.604590999 17.51040475 -0.009212894469 0.008017024458 5.121696497 -12.06517459 2.06672543 0.7423978389
"S1" 99.4476 4.628840036 20.00714329 -0.008411192024 0.008017024458 4.635813138 -12.90221086 2.069850358 0.7432481572
"D32" 99.5563 3.678671195 22.91015683 -0.007539981976 0.008017024458 4.107803691 -13.81181817 2.074042137 0.7440559967
"Q2" 99.8529 2.132637587 26.59278009 -0.005829822954 0.00369888425 1.437624496 2.214621398 2.091486276 0.745907419
"D31" 100.351 1.057873328 24.44347163 -0.003988999229 0.00369888425 0.7219677223 2.104120865 2.145235632 0.7490143089
"BA" 101.305 1.00867317 16.76003412 0.1398673607 0.2959090032 -0.5713995682 3.622861588 2.327379236 0.7565221575
"BB" 102.26 3.113567233 10.61211066 0.5526202361 0.6151603263 -1.864766859 3.827052504 2.416416705 0.7679221984
"D11" 102.731 5.189188232 7.334106121 0.8423607498 0.6151603263 -2.54207178 3.132617431 2.435108934 0.7764232586
"SD" 102.849 5.809140089 6.615337736 0.9149496683 0.6151603263 -2.711757514 2.958640067 2.438529752 0.7791195902
"D12" 102.943 6.335768517 6.068069684 0.9732188847 0.6151603263 -2.847969143 2.818983424 2.44101479 0.7814990911
"Q3" 103.156 7.352876964 5.131992254 1.085467962 0.4378077341 -1.878783273 1.638393644 2.445941858 0.7875996713
"D13" 103.412 8.358129246 4.338083901 1.197862839 0.4378077341 -2.036939889 1.454089093 2.451154738 0.7962634183
"SF" 103.526 8.83055788 4.01588161 1.24777292 0.4378077341 -2.107170934 1.372246794 2.453266714 0.8006109181
"D14" 103.624 9.24578049 3.756038944 1.290304409 0.4378077341 -2.167019181 1.302503874 2.454977871 0.8045923298
"Q4" 103.835 9.623015594 3.440234057 1.344421764 0.07093793625 0.4201297968 0.2182624913 2.458515471 0.8140632246
"D15" 103.951 9.527883652 3.394007348 1.352590019 0.07093793625 0.4060519958 0.183197462 2.460429408 0.8194273968
"STV" 104.011 9.479597549 3.373119944 1.356846295 0.07093793625 0.398716401 0.1649259404 2.461434211 0.8222498183
"D16" 104.081 9.424376326 3.351522487 1.361811951 0.07093793625 0.3901582071 0.1436091651 2.462612905 0.8255635137
"MON" 104.081 9.424376326 3.351522487 1.361811951 0.07093793625 0.3901582071 0.1436091651 2.462612905 0.8255635137
"D17" 104.51 9.112121421 3.284350975 1.392244325 0.07093793625 0.3377087046 0.01296778565 2.469983399 0.8462006418
"BII" 104.733 9.011604322 3.261799987 1.403685543 0.001008652237 0.3104784069 0.01619937772 2.473905157 0.8570745329
"BI" 104.956 8.835516628 3.269871971 1.392694726 -0.06891570572 0.2832481091 0.01911464051 2.477887842 0.8679725098
"SI" 104.956 8.835516628 3.269871971 1.392694726 -0.06891570572 0.2832481091 0.01911464051 2.477887842 0.8679725098
"STHB" 104.956 8.835516628 3.269871971 1.392694726 -0.06891570572 0.2832481091 0.01911464051 2.477887842 0.8679725098
"D18" 105.631 8.509179076 3.383138782 1.346235444 -0.06891570572 0.2008270169 -0.1871297686 2.490274471 0.9004564446
"Q4" 105.842 7.943265814 3.681888587 1.292489092 -0.4363422516 2.419787714 -1.251507421 2.494333331 0.9101028256
"D14" 105.939 7.481262909 3.931625602 1.250099969 -0.4363422516 2.335946197 -1.319218386 2.496339058 0.914167007
"SF" 106.053 6.959883271 4.241465586 1.200356953 -0.4363422516 2.237559401 -1.398676215 2.498853575 0.9186106316
"D13" 106.31 5.867901632 5.005544009 1.088338297 -0.4363422516 2.015997515 -1.577611064 2.505248828 0.9274826933
"Q3" 106.523 4.858456318 5.909518669 0.9763465849 -0.614211565 2.675142442 -2.726900287 2.511547809 0.9337422465
"D12" 106.617 4.366729278 6.438921688 0.918167237 -0.614211565 2.516122942 -2.862118302 2.514821023 0.9361862703
"SD" 106.735 3.796299906 7.134258465 0.8456902724 -0.614211565 2.318024284 -3.030566243 2.519434247 0.9389573122
"D11" 107.206 1.985148186 10.30573542 0.5563966253 -0.614211565 1.527308454 -3.702930481 2.546876413 0.9477040431
"BA" 108.161 0.6515367516 16.24859035 0.1447086168 -0.2950016982 0.01737406995 -3.503010141 2.701848641 0.9594535742
"BB" 109.115 1.922642417 23.67952754 0.001494043986 -0.002750122958 -1.492560314 -2.032027909 2.860664429 0.967200876
"D21" 109.597 3.751496599 25.68872531 0.0001684847205 -0.002750122958 -2.301742968 -2.136432199 2.889383812 0.9703114249
"S1" 109.697 4.228633214 26.11817782 -0.0001065275753 -0.002750122958 -2.469623186 -2.158092839 2.893380162 0.9709258635
"D22" 109.803 4.769997388 26.57725487 -0.0003974905842 -0.002750122958 -2.647240458 -2.181009798 2.897129779 0.9715649806
"QC" 110.107 6.423006585 28.46372757 -0.001228046672 -0.00269801906 -2.747833054 -4.05653229 2.90585835 0.9733321656
"D23" 110.226 7.094680145 29.43621475 -0.001548571336 -0.00269801906 -2.905984795 -4.129386696 2.908659416 0.9739853728
"SQ" 110.296 7.50804111 30.01733383 -0.00173743267 -0.00269801906 -2.999171848 -4.172314376 2.91018591 0.9743601658
"D24" 110.405 8.177677078 30.93418441 -0.002031516748 -0.00269801906 -3.144277401 -4.239158907 2.912399934 0.9749294671
"STH" 110.456 8.501855938 31.36817369 -0.00216911572 -0.00269801906 -3.212170826 -4.270434788 2.913373401 0.9751900384
"D25" 110.584 9.345982765 32.47145253 -0.00251446216 -0.00269801906 -3.382570008 -4.348931117 2.915658872 0.9758283545
"STV" 110.644 9.756683643 32.99553197 -0.002676343303 -0.00269801906 -3.462444625 -4.385726272 2.916658896 0.9761200926
"D26" 110.764 10.60611584 34.05604526 -0.002999835788 -0.00269801906 -3.622060734 -4.459255256 2.918534841 0.976689359
"QB" 111.166 18.0252972 27.55544309 -0.004617227118 -0.005550729142 -16.68627215 18.92190736 2.923407312 0.9786730459
"D271" 111.295 22.56404213 22.91283678 -0.005329663203 -0.005550729142 -18.67597893 17.24954806 2.924420219 0.9794860164
"MON" 111.295 22.56404213 22.91283678 -0.005329663203 -0.005550729142 -18.67597893 17.24954806 2.924420219 0.9794860164
"D272" 111.423 27.61354478 18.69952511 -0.006042099289 -0.005550729142 -20.6656857 15.57718876 2.925238586 0.9804728957
"QA" 111.727 33.00448886 14.02762636 -0.006905336032 2.484268912e-07 4.489845887 1.055761788 2.926775945 0.9835933592
"D282" 112.339 27.75067144 12.792221 -0.006905184045 2.484268912e-07 4.097629466 0.963534321 2.929993573 0.9908647189
"DID10" 112.439 26.93755641 12.60102161 -0.006905159202 2.484268912e-07 4.033520865 0.9484595471 2.930575684 0.9921182894
"DID10" 112.539 26.13726309 12.41283718 -0.006905134359 2.484268912e-07 3.969412264 0.9333847733 2.931175491 0.9933908731
"DID10" 112.639 25.3497915 12.2276677 -0.006905109516 2.484268912e-07 3.905303663 0.9183099994 2.931793798 0.9946827394
"DID10" 112.739 24.57514163 12.04551318 -0.006905084674 2.484268912e-07 3.841195062 0.9032352256 2.932431453 0.9959941557
"DID10" 112.839 23.81331348 11.86637361 -0.006905059831 2.484268912e-07 3.777086461 0.8881604517 2.933089359 0.997325387
"DID10" 112.939 23.06430704 11.690249 -0.006905034988 2.484268912e-07 3.71297786 0.8730856778 2.933768471 0.9986766954
"DID10" 113.039 22.32812233 11.51713934 -0.006905010146 2.484268912e-07 3.648869259 0.858010904 2.934469805 1.000048339
"DID10" 113.139 21.60475934 11.34704464 -0.006904985303 2.484268912e-07 3.584760658 0.8429361301 2.935194443 1.001440572
"DID10" 113.239 20.89421807 11.17996489 -0.00690496046 2.484268912e-07 3.520652057 0.8278613562 2.935943533 1.002853644
"DID10" 113.339 20.19649852 11.0159001 -0.006904935618 2.484268912e-07 3.456543456 0.8127865824 2.936718299 1.004287798
"DID10" 113.439 19.51160069 10.85485026 -0.006904910775 2.484268912e-07 3.392434855 0.7977118085 2.937520046 1.005743272
"DID10" 113.539 18.83952458 10.69681537 -0.006904885932 2.484268912e-07 3.328326254 0.7826370347 2.938350166 1.007220294
"DID10" 113.639 18.18027019 10.54179544 -0.00690486109 2.484268912e-07 3.264217652 0.7675622608 2.939210143 1.008719089
"DID10" 113.739 17.53383751 10.38979047 -0.006904836247 2.484268912e-07 3.200109051 0.7524874869 2.940101566 1.010239867
"DID10" 113.839 16.90022656 10.24080045 -0.006904811404 2.484268912e-07 3.13600045 0.7374127131 2.941026132 1.011782834
"DID10" 113.939 16.27943733 10.09482538 -0.006904786562 2.484268912e-07 3.071891849 0.7223379392 2.941985658 1.013348182
"DID10" 114.039 15.67146982 9.951865273 -0.006904761719 2.484268912e-07 3.007783248 0.7072631653 2.942982092 1.014936091
"DID10" 114.139 15.07632404 9.811920117 -0.006904736876 2.484268912e-07 2.943674647 0.6921883915 2.944017522 1.01654673
"DID10" 114.239 14.49399997 9.674989916 -0.006904712033 2.484268912e-07 2.879566046 0.6771136176 2.945094189 1.018180254
"DID10" 114.339 13.92449762 9.54107467 -0.006904687191 2.484268912e-07 2.815457445 0.6620388437 2.946214503 1.019836802
"DID10" 114.439 13.36781699 9.410174379 -0.006904662348 2.484268912e-07 2.751348844 0.6469640699 2.947381055 1.021516498
"DID10" 114.539 12.82395808 9.282289042 -0.006904637505 2.484268912e-07 2.687240243 0.631889296 2.948596634 1.023219449
"DID10" 114.639 12.29292089 9.15741866 -0.006904612663 2.484268912e-07 2.623131642 0.6168145222 2.949864245 1.024945742
"DID10" 114.739 11.77470542 9.035563233 -0.00690458782 2.484268912e-07 2.559023041 0.6017397483 2.951187131 1.026695447
"DID10" 114.839 11.26931167 8.916722761 -0.006904562977 2.484268912e-07 2.49491444 0.5866649744 2.952568794 1.028468611
"DID10" 114.939 10.77673965 8.800897243 -0.006904538135 2.484268912e-07 2.430805839 0.5715902006 2.954013015 1.03026526
"DID10" 115.039 10.29698934 8.688086681 -0.006904513292 2.484268912e-07 2.366697238 0.5565154267 2.955523887 1.032085397
"DID10" 115.139 9.830060751 8.578291073 -0.006904488449 2.484268912e-07 2.302588637 0.5414406528 2.957105842 1.033929
"DID10" 115.239 9.375953884 8.47151042 -0.006904463607 2.484268912e-07 2.238480036 0.526365879 2.95876368 1.035796021
"DID10" 115.339 8.934668737 8.367744721 -0.006904438764 2.484268912e-07 2.174371435 0.5112911051 2.960502609 1.037686386
"DID10" 115.439 8.50620531 8.266993978 -0.006904413921 2.484268912e-07 2.110262834 0.4962163313 2.96232828 1.039599992
"DID10" 115.539 8.090563604 8.169258189 -0.006904389078 2.484268912e-07 2.046154233 0.4811415574 2.964246831 1.041536707
"DID10" 115.639 7.687743617 8.074537355 -0.006904364236 2.484268912e-07 1.982045631 0.4660667835 2.966264932 1.043496368
"DID10" 115.739 7.297745351 7.982831475 -0.006904339393 2.484268912e-07 1.91793703 0.4509920097 2.968389836 1.045478781
"DID10" 115.839 6.920568805 7.894140551 -0.00690431455 2.484268912e-07 1.853828429 0.4359172358 2.970629429 1.047483718
"DID10" 115.939 6.556213979 7.808464581 -0.006904289708 2.484268912e-07 1.789719828 0.4208424619 2.972992293 1.049510918
"DID10" 116.039 6.204680874 7.725803566 -0.006904264865 2.484268912e-07 1.725611227 0.4057676881 2.975487759 1.051560086
"DID10" 116.139 5.865969488 7.646157506 -0.006904240022 2.484268912e-07 1.661502626 0.3906929142 2.978125975 1.053630889
"DID10" 116.239 5.540079823 7.5695264 -0.00690421518 2.484268912e-07 1.597394025 0.3756181403 2.980917969 1.055722962
"DID10" 116.339 5.227011878 7.49591025 -0.006904190337 2.484268912e-07 1.533285424 0.3605433665 2.983875712 1.057835898
"DID10" 116.439 4.926765654 7.425309054 -0.006904165494 2.484268912e-07 1.469176823 0.3454685926 2.987012177 1.059969255
"DID10" 116.539 4.639341149 7.357722813 -0.006904140652 2.484268912e-07 1.405068222 0.3303938188 2.990341399 1.062122555
"DID10" 116.639 4.364738365 7.293151526 -0.006904115809 2.484268912e-07 1.340959621 0.3153190449 2.993878509 1.064295277
"DID10" 116.739 4.102957301 7.231595195 -0.006904090966 2.484268912e-07 1.27685102 0.300244271 2.997639766 1.066486867
"DID10" 116.839 3.853997957 7.173053818 -0.006904066124 2.484268912e-07 1.212742419 0.2851694972 3.001642546 1.068696728
"DID10" 116.939 3.617860333 7.117527396 -0.006904041281 2.484268912e-07 1.148633818 0.2700947233 3.005905301 1.070924228
"DID10" 117.039 3.39454443 7.065015928 -0.006904016438 2.484268912e-07 1.084525217 0.2550199494 3.010447461 1.073168695
"DID10" 117.139 3.184050246 7.015519416 -0.006903991595 2.484268912e-07 1.020416616 0.2399451756 3.015289256 1.075429423
"DID10" 117.239 2.986377783 6.969037858 -0.006903966753 2.484268912e-07 0.9563080147 0.2248704017 3.020451446 1.077705666
"DID10" 117.339 2.801527041 6.925571255 -0.00690394191 2.484268912e-07 0.8921994136 0.2097956279 3.02595492 1.079996644
"DID10" 117.439 2.629498018 6.885119607 -0.006903917067 2.484268912e-07 0.8280908126 0.194720854 3.031820144 1.082301542
"DID10" 117.539 2.470290715 6.847682914 -0.006903892225 2.484268912e-07 0.7639822115 0.1796460801 3.03806642 1.084619513
"DID10" 117.639 2.323905133 6.813261175 -0.006903867382 2.484268912e-07 0.6998736105 0.1645713063 3.044710931 1.086949676
"DID10" 117.739 2.190341271 6.781854391 -0.006903842539 2.484268912e-07 0.6357650094 0.1494965324 3.051767561 1.089291121
"DID10" 117.839 2.06959913 6.753462562 -0.006903817697 2.484268912e-07 0.5716564084 0.1344217585 3.059245483 1.091642911
"DID10" 117.939 1.961678708 6.728085688 -0.006903792854 2.484268912e-07 0.5075478073 0.1193469847 3.067147565 1.09400408
"DID10" 118.039 1.866580007 6.705723768 -0.006903768011 2.484268912e-07 0.4434392063 0.1042722108 3.075468666 1.096373639
"DID10" 118.139 1.784303025 6.686376803 -0.006903743169 2.484268912e-07 0.3793306052 0.08919743695 3.08419396 1.098750578
"DID10" 118.239 1.714847764 6.670044793 -0.006903718326 2.484268912e-07 0.3152220042 0.07412266309 3.093297491 1.101133866
"DID10" 118.339 1.658214224 6.656727738 -0.006903693483 2.484268912e-07 0.2511134031 0.05904788922 3.102741185 1.103522457
"DID10" 118.439 1.614402403 6.646425638 -0.006903668641 2.484268912e-07 0.1870048021 0.04397311536 3.112474587 1.105915288
"DID10" 118.539 1.583412303 6.639138492 -0.006903643798 2.484268912e-07 0.1228962011 0.0288983415 3.122435538 1.108311286
"DID10" 118.639 1.565243923 6.634866301 -0.006903618955 2.484268912e-07 0.0587876 0.01382356763 3.132551905 1.110709372
"DOKREST" 118.731 1.559853099 6.63359868 -0.006903596174 2.484268912e-07 1.283807207e-08 1.338653078e-16 3.141897484 1.112909321
"MK1" 118.731 1.559853099 6.63359868 -0.006903596174 2.484268912e-07 1.283807207e-08 1.338653078e-16 3.141897484 1.112909321
"DISP0OK" 118.731 1.559853099 6.63359868 -0.006903596174 2.484268912e-07 1.283807207e-08 1.338653078e-16 3.141897484 1.112909321
"HALF2$END" 118.731 1.559853099 6.63359868 -0.006903596174 2.484268912e-07 1.283807207e-08 1.338653078e-16 3.141897484 1.112909321
