0:
1:
2:
3:
4:
5:
6:
7:
8:
9:
10:
11:
12:
13:
14:
15:
16:
17:
18:
19:
20:
21:
22:
23:
24:
25:
26:
27:
28:
29:
30:
31:
32:
33:
34:
35:
36:
37:
38:
39:
40:
41:
42:
43:
44:
46:s[m]  beta_x[m] alpha_x gamma_x nu_x eta_x etap_x beta_y[m] alpha_y gamma_y nu_y eta_y etap_y
0.000000  1.559853 -3.67514e-09 0.641086 0.000000 -0.00690384 8.35413e-08  6.633599 -5.1983e-15 0.150748 0.000000 0. 0.
0.100000  1.566264 -0.0641086 0.641086 0.010189 -0.00690384 8.35413e-08  6.635106 -0.0150748 0.150748 0.002399 0. 0.
0.200000  1.585497 -0.128217 0.641086 0.020296 -0.00690383 8.35413e-08  6.639629 -0.0301495 0.150748 0.004797 0. 0.
0.300000  1.617551 -0.192326 0.641086 0.030240 -0.00690382 8.35413e-08  6.647166 -0.0452243 0.150748 0.007193 0. 0.
0.400000  1.662427 -0.256434 0.641086 0.039952 -0.00690381 8.35413e-08  6.657718 -0.0602991 0.150748 0.009585 0. 0.
0.500000  1.720125 -0.320543 0.641086 0.049369 -0.0069038 8.35413e-08  6.671286 -0.0753739 0.150748 0.011973 0. 0.
0.600000  1.790644 -0.384652 0.641086 0.058443 -0.00690379 8.35413e-08  6.687868 -0.0904486 0.150748 0.014356 0. 0.
0.700000  1.873985 -0.44876 0.641086 0.067135 -0.00690379 8.35413e-08  6.707465 -0.105523 0.150748 0.016733 0. 0.
0.800000  1.970148 -0.512869 0.641086 0.075422 -0.00690378 8.35413e-08  6.730077 -0.120598 0.150748 0.019102 0. 0.
0.900000  2.079133 -0.576977 0.641086 0.083289 -0.00690377 8.35413e-08  6.755704 -0.135673 0.150748 0.021462 0. 0.
1.000000  2.200939 -0.641086 0.641086 0.090732 -0.00690376 8.35413e-08  6.784346 -0.150748 0.150748 0.023813 0. 0.
1.100000  2.335567 -0.705195 0.641086 0.097754 -0.00690375 8.35413e-08  6.816003 -0.165823 0.150748 0.026153 0. 0.
1.200000  2.483017 -0.769303 0.641086 0.104364 -0.00690374 8.35413e-08  6.850675 -0.180897 0.150748 0.028483 0. 0.
1.300000  2.643288 -0.833412 0.641086 0.110578 -0.00690374 8.35413e-08  6.888362 -0.195972 0.150748 0.030800 0. 0.
1.400000  2.816382 -0.89752 0.641086 0.116413 -0.00690373 8.35413e-08  6.929064 -0.211047 0.150748 0.033103 0. 0.
1.500000  3.002297 -0.961629 0.641086 0.121887 -0.00690372 8.35413e-08  6.972781 -0.226122 0.150748 0.035393 0. 0.
1.600000  3.201033 -1.02574 0.641086 0.127022 -0.00690371 8.35413e-08  7.019513 -0.241196 0.150748 0.037668 0. 0.
1.700000  3.412592 -1.08985 0.641086 0.131838 -0.0069037 8.35413e-08  7.069260 -0.256271 0.150748 0.039928 0. 0.
1.800000  3.636972 -1.15395 0.641086 0.136356 -0.00690369 8.35413e-08  7.122021 -0.271346 0.150748 0.042171 0. 0.
1.900000  3.874174 -1.21806 0.641086 0.140597 -0.00690368 8.35413e-08  7.177798 -0.286421 0.150748 0.044397 0. 0.
2.000000  4.124197 -1.28217 0.641086 0.144579 -0.00690368 8.35413e-08  7.236590 -0.301495 0.150748 0.046605 0. 0.
2.100000  4.387042 -1.34628 0.641086 0.148321 -0.00690367 8.35413e-08  7.298396 -0.31657 0.150748 0.048795 0. 0.
2.200000  4.662709 -1.41039 0.641086 0.151840 -0.00690366 8.35413e-08  7.363218 -0.331645 0.150748 0.050966 0. 0.
2.300000  4.951198 -1.4745 0.641086 0.155153 -0.00690365 8.35413e-08  7.431054 -0.34672 0.150748 0.053118 0. 0.
2.400000  5.252509 -1.53861 0.641086 0.158274 -0.00690364 8.35413e-08  7.501906 -0.361795 0.150748 0.055250 0. 0.
2.500000  5.566641 -1.60272 0.641086 0.161217 -0.00690363 8.35413e-08  7.575772 -0.376869 0.150748 0.057361 0. 0.
2.600000  5.893595 -1.66682 0.641086 0.163996 -0.00690363 8.35413e-08  7.652653 -0.391944 0.150748 0.059451 0. 0.
2.700000  6.233370 -1.73093 0.641086 0.166622 -0.00690362 8.35413e-08  7.732550 -0.407019 0.150748 0.061520 0. 0.
2.800000  6.585967 -1.79504 0.641086 0.169106 -0.00690361 8.35413e-08  7.815461 -0.422094 0.150748 0.063568 0. 0.
2.900000  6.951386 -1.85915 0.641086 0.171459 -0.0069036 8.35413e-08  7.901387 -0.437168 0.150748 0.065593 0. 0.
3.000000  7.329627 -1.92326 0.641086 0.173688 -0.00690359 8.35413e-08  7.990328 -0.452243 0.150748 0.067596 0. 0.
3.100000  7.720690 -1.98737 0.641086 0.175804 -0.00690358 8.35413e-08  8.082284 -0.467318 0.150748 0.069576 0. 0.
3.200000  8.124574 -2.05148 0.641086 0.177814 -0.00690358 8.35413e-08  8.177256 -0.482393 0.150748 0.071534 0. 0.
3.300000  8.541280 -2.11558 0.641086 0.179724 -0.00690357 8.35413e-08  8.275242 -0.497468 0.150748 0.073469 0. 0.
3.400000  8.970807 -2.17969 0.641086 0.181542 -0.00690356 8.35413e-08  8.376243 -0.512542 0.150748 0.075381 0. 0.
3.500000  9.413157 -2.2438 0.641086 0.183274 -0.00690355 8.35413e-08  8.480258 -0.527617 0.150748 0.077269 0. 0.
3.600000  9.868328 -2.30791 0.641086 0.184926 -0.00690354 8.35413e-08  8.587289 -0.542692 0.150748 0.079134 0. 0.
3.700000 10.336321 -2.37202 0.641086 0.186502 -0.00690353 8.35413e-08  8.697335 -0.557767 0.150748 0.080976 0. 0.
3.800000 10.817135 -2.43613 0.641086 0.188007 -0.00690353 8.35413e-08  8.810396 -0.572841 0.150748 0.082794 0. 0.
3.900000 11.310771 -2.50024 0.641086 0.189446 -0.00690352 8.35413e-08  8.926472 -0.587916 0.150748 0.084589 0. 0.
4.000000 11.817229 -2.56434 0.641086 0.190822 -0.00690351 8.35413e-08  9.045562 -0.602991 0.150748 0.086360 0. 0.
4.100000 12.336509 -2.62845 0.641086 0.192141 -0.0069035 8.35413e-08  9.167668 -0.618066 0.150748 0.088108 0. 0.
4.200000 12.868610 -2.69256 0.641086 0.193404 -0.00690349 8.35413e-08  9.292789 -0.633141 0.150748 0.089832 0. 0.
4.300000 13.413533 -2.75667 0.641086 0.194615 -0.00690348 8.35413e-08  9.420924 -0.648215 0.150748 0.091533 0. 0.
4.400000 13.971278 -2.82078 0.641086 0.195778 -0.00690348 8.35413e-08  9.552075 -0.66329 0.150748 0.093211 0. 0.
4.500000 14.541845 -2.88489 0.641086 0.196894 -0.00690347 8.35413e-08  9.686240 -0.678365 0.150748 0.094866 0. 0.
4.600000 15.125233 -2.949 0.641086 0.197967 -0.00690346 8.35413e-08  9.823421 -0.69344 0.150748 0.096497 0. 0.
4.700000 15.721443 -3.0131 0.641086 0.199000 -0.00690345 8.35413e-08  9.963616 -0.708514 0.150748 0.098106 0. 0.
4.800000 16.330475 -3.07721 0.641086 0.199993 -0.00690344 8.35413e-08 10.106827 -0.723589 0.150748 0.099692 0. 0.
4.900000 16.952328 -3.14132 0.641086 0.200949 -0.00690343 8.35413e-08 10.253052 -0.738664 0.150748 0.101255 0. 0.
5.000000 17.587003 -3.20543 0.641086 0.201871 -0.00690343 8.35413e-08 10.402292 -0.753739 0.150748 0.102797 0. 0.
5.100000 18.234500 -3.26954 0.641086 0.202760 -0.00690342 8.35413e-08 10.554547 -0.768813 0.150748 0.104315 0. 0.
5.200000 18.894819 -3.33365 0.641086 0.203617 -0.00690341 8.35413e-08 10.709818 -0.783888 0.150748 0.105812 0. 0.
5.300000 19.567959 -3.39776 0.641086 0.204445 -0.0069034 8.35413e-08 10.868103 -0.798963 0.150748 0.107288 0. 0.
5.400000 20.253921 -3.46186 0.641086 0.205245 -0.00690339 8.35413e-08 11.029403 -0.814038 0.150748 0.108741 0. 0.
5.500000 20.952705 -3.52597 0.641086 0.206017 -0.00690338 8.35413e-08 11.193718 -0.829113 0.150748 0.110174 0. 0.
5.600000 21.664310 -3.59008 0.641086 0.206764 -0.00690338 8.35413e-08 11.361048 -0.844187 0.150748 0.111585 0. 0.
5.700000 22.388737 -3.65419 0.641086 0.207487 -0.00690337 8.35413e-08 11.531393 -0.859262 0.150748 0.112976 0. 0.
5.800000 23.125986 -3.7183 0.641086 0.208186 -0.00690336 8.35413e-08 11.704753 -0.874337 0.150748 0.114346 0. 0.
5.900000 23.876057 -3.78241 0.641086 0.208864 -0.00690335 8.35413e-08 11.881127 -0.889412 0.150748 0.115695 0. 0.
6.000000 24.638949 -3.84652 0.641086 0.209520 -0.00690334 8.35413e-08 12.060517 -0.904486 0.150748 0.117025 0. 0.
6.100000 25.414663 -3.91062 0.641086 0.210156 -0.00690333 8.35413e-08 12.242922 -0.919561 0.150748 0.118335 0. 0.
6.200000 26.203199 -3.97473 0.641086 0.210772 -0.00690333 8.35413e-08 12.428342 -0.934636 0.150748 0.119625 0. 0.
6.300000 27.004557 -4.03884 0.641086 0.211371 -0.00690332 8.35413e-08 12.616776 -0.949711 0.150748 0.120896 0. 0.
6.400000 27.818736 -4.10295 0.641086 0.211951 -0.00690331 8.35413e-08 12.808226 -0.964786 0.150748 0.122148 0. 0.
6.500000 28.645737 -4.16706 0.641086 0.212515 -0.0069033 8.35413e-08 13.002691 -0.97986 0.150748 0.123381 0. 0.
6.600000 29.485559 -4.23117 0.641086 0.213063 -0.00690329 8.35413e-08 13.200170 -0.994935 0.150748 0.124596 0. 0.
6.700000 30.338204 -4.29528 0.641086 0.213595 -0.00690328 8.35413e-08 13.400665 -1.01001 0.150748 0.125793 0. 0.
6.763200 30.883687 -4.33579 0.641086 0.213924 -0.00690328 8.35413e-08 13.528932 -1.01954 0.150748 0.126540 0. 0.
6.763200 30.883687 -4.33579 0.641086 0.213924 -0.00690328 8.35413e-08 13.528932 -1.01954 0.150748 0.126540 0. 0.
7.003500 33.004488 -4.48985 0.641086 0.215122 -0.00690326 8.35413e-08 14.027626 -1.05576 0.150748 0.129316 0. 0.
7.307900 27.613544 20.6657 15.502195 0.216659 -0.00604018 0.00554935 18.699525 -15.5772 13.029679 0.132436 0. 0.
7.436250 22.564042 18.676 15.502195 0.217477 -0.00532793 0.00554935 22.912837 -17.2495 13.029679 0.133423 0. 0.
7.436250 22.564042 18.676 15.502195 0.217477 -0.00532793 0.00554935 22.912837 -17.2495 13.029679 0.133423 0. 0.
7.564600 18.025297 16.6863 15.502195 0.218490 -0.00461567 0.00554935 27.555443 -18.9219 13.029679 0.134236 0. 0.
7.966800 10.606116 3.62206 1.331244 0.223363 -0.00299861 0.00269768 34.056045 4.45926 0.613253 0.136220 0. 0.
8.086700  9.756684 3.46244 1.331244 0.225239 -0.00267516 0.00269768 32.995532 4.38573 0.613253 0.136789 0. 0.
8.146700  9.345983 3.38257 1.331244 0.226239 -0.0025133 0.00269768 32.471453 4.34893 0.613253 0.137081 0. 0.
8.274700  8.501856 3.21217 1.331244 0.228524 -0.002168 0.00269768 31.368174 4.27043 0.613253 0.137719 0. 0.
8.325700  8.177677 3.14428 1.331244 0.229498 -0.00203041 0.00269768 30.934184 4.23916 0.613253 0.137980 0. 0.
8.434700  7.508041 2.99917 1.331244 0.231712 -0.00173637 0.00269768 30.017334 4.17231 0.613253 0.138549 0. 0.
8.504700  7.094680 2.90598 1.331244 0.233238 -0.00154753 0.00269768 29.436215 4.12939 0.613253 0.138924 0. 0.
8.623500  6.423007 2.74783 1.331244 0.236039 -0.00122704 0.00269768 28.463728 4.05653 0.613253 0.139577 0. 0.
8.927900  4.769997 2.64724 1.678802 0.244768 -0.0003966 0.00274973 26.577255 2.18101 0.216606 0.141344 0. 0.
9.033700  4.228633 2.46962 1.678802 0.248517 -0.000105679 0.00274973 26.118178 2.15809 0.216606 0.141983 0. 0.
9.133700  3.751497 2.30174 1.678802 0.252514 0.000169294 0.00274973 25.688725 2.13643 0.216606 0.142598 0. 0.
9.615700  1.922642 1.49256 1.678802 0.281233 0.00149466 0.00274973 23.679528 2.03203 0.216606 0.145708 0. 0.
10.570150  0.651537 -0.0173741 1.535296 0.440049 0.144709 0.295001 16.248590 3.50301 0.816753 0.153456 0. 0.
11.524600  1.985148 -1.52731 1.678802 0.595021 0.556397 0.614211 10.305735 3.70293 1.427525 0.165205 0. 0.
11.995600  3.796300 -2.31802 1.678802 0.622463 0.84569 0.614211  7.134258 3.03057 1.427525 0.173952 0. 0.
12.113600  4.366729 -2.51612 1.678802 0.627076 0.918167 0.614211  6.438922 2.86212 1.427525 0.176723 0. 0.
12.208322  4.858456 -2.67514 1.678802 0.630350 0.976346 0.614211  5.909519 2.7269 1.427525 0.179167 0. 0.
12.420878  5.867902 -2.016 0.863042 0.636649 1.08834 0.436342  5.005544 1.57761 0.696999 0.185427 0. 0.
12.677600  6.959883 -2.23756 0.863042 0.643044 1.20036 0.436342  4.241466 1.39868 0.696999 0.194299 0. 0.
12.791600  7.481263 -2.33595 0.863042 0.645558 1.2501 0.436342  3.931626 1.31922 0.696999 0.198742 0. 0.
12.888746  7.943266 -2.41979 0.863042 0.647564 1.29249 0.436342  3.681889 1.25151 0.696999 0.202806 0. 0.
13.100454  8.509179 -0.200827 0.122260 0.651623 1.34623 0.0689156  3.383139 0.18713 0.305934 0.212453 0. 0.
13.215600  8.557049 -0.214905 0.122260 0.653771 1.35417 0.0689156  3.344100 0.151903 0.305934 0.217902 0. 0.
13.275600  8.583278 -0.22224 0.122260 0.654885 1.35831 0.0689156  3.326973 0.133546 0.305934 0.220765 0. 0.
13.345600  8.614990 -0.230799 0.122260 0.656181 1.36313 0.0689156  3.309776 0.112131 0.305934 0.224123 0. 0.
13.345600  8.614990 -0.230799 0.122260 0.656181 1.36313 0.0689156  3.309776 0.112131 0.305934 0.224123 0. 0.
13.774600  8.835517 -0.283248 0.122260 0.664010 1.39269 0.0689156  3.269872 -0.0191146 0.305934 0.244937 0. 0.
13.998050  9.011604 -0.310478 0.121665 0.667992 1.40368 -0.0010088  3.261800 -0.0161994 0.306660 0.255835 0. 0.
14.221500  9.112121 -0.337709 0.122260 0.671914 1.39224 -0.0709381  3.284351 -0.0129678 0.304525 0.266709 0. 0.
14.221500  9.112121 -0.337709 0.122260 0.671914 1.39224 -0.0709381  3.284351 -0.0129678 0.304525 0.266709 0. 0.
14.221500  9.112121 -0.337709 0.122260 0.671914 1.39224 -0.0709381  3.284351 -0.0129678 0.304525 0.266709 0. 0.
14.895646  9.623015 -0.42013 0.122260 0.683382 1.34442 -0.0709381  3.440234 -0.218262 0.304525 0.298846 0. 0.
15.107354  9.245780 2.16702 0.616062 0.686920 1.2903 -0.437808  3.756039 -1.3025 0.717915 0.308317 0. 0.
15.204500  8.830558 2.10717 0.616062 0.688631 1.24777 -0.437808  4.015882 -1.37225 0.717915 0.312298 0. 0.
15.318500  8.358129 2.03694 0.616062 0.690743 1.19786 -0.437808  4.338084 -1.45409 0.717915 0.316646 0. 0.
15.575222  7.352877 1.87878 0.616062 0.695956 1.08547 -0.437808  5.131992 -1.63839 0.717915 0.325310 0. 0.
15.787778  6.335768 2.84797 1.438015 0.700883 0.973218 -0.61516  6.068070 -2.81898 1.474384 0.331410 0. 0.
15.882500  5.809140 2.71176 1.438015 0.703368 0.914949 -0.61516  6.615338 -2.95864 1.474384 0.333790 0. 0.
16.000500  5.189188 2.54207 1.438015 0.706789 0.84236 -0.61516  7.334106 -3.13262 1.474384 0.336486 0. 0.
16.471500  3.113567 1.86477 1.438015 0.725481 0.55262 -0.61516 10.612111 -3.82705 1.474384 0.344987 0. 0.
17.425950  1.008673 0.5714 1.315091 0.814518 0.139867 -0.295909 16.760034 -3.62286 0.842786 0.356387 0. 0.
18.380400  1.057873 -0.721968 1.438015 0.996662 -0.00398921 -0.00369863 24.443472 -2.10412 0.222036 0.363895 0. 0.
18.878070  2.132638 -1.43762 1.438015 1.050411 -0.00582991 -0.00369863 26.592780 -2.21462 0.222036 0.367002 0. 0.
19.174730  3.678671 -4.1078 4.858834 1.067855 -0.00754 -0.0080168 22.910157 13.8118 8.370363 0.368853 0. 0.
19.283400  4.628840 -4.63581 4.858834 1.072047 -0.00841119 -0.0080168 20.007143 12.9022 8.370363 0.369661 0. 0.
19.383400  5.604591 -5.1217 4.858834 1.075172 -0.00921287 -0.0080168 17.510405 12.0652 8.370363 0.370511 0. 0.
19.487355  6.721951 -5.6268 4.858834 1.077868 -0.0100463 -0.0080168 15.092390 11.195 8.370363 0.371529 0. 0.
19.793445  8.573891 0.0681919 0.117176 1.084033 -0.0112221 0.000487946 11.857518 0.205183 0.087885 0.375319 0. 0.
19.900400  8.560645 0.0556594 0.117176 1.086020 -0.0111699 0.000487946 11.814632 0.195784 0.087885 0.376757 0. 0.
20.000400  8.550685 0.0439418 0.117176 1.087880 -0.0111211 0.000487946 11.776355 0.186995 0.087885 0.378106 0. 0.
20.000400  8.550685 0.0439418 0.117176 1.087880 -0.0111211 0.000487946 11.776355 0.186995 0.087885 0.378106 0. 0.
20.117400  8.542006 0.0302323 0.117176 1.090059 -0.011064 0.000487946 11.733801 0.176712 0.087885 0.379690 0. 0.
20.177400  8.538800 0.0232017 0.117176 1.091177 -0.0110348 0.000487946 11.712912 0.171439 0.087885 0.380505 0. 0.
20.259900  8.535769 0.0135348 0.117176 1.092715 -0.0109945 0.000487946 11.685222 0.164189 0.087885 0.381627 0. 0.
20.259900  8.535769 0.0135348 0.117176 1.092715 -0.0109945 0.000487946 11.685222 0.164189 0.087885 0.381627 0. 0.
20.342400  8.534334 0.00386778 0.117176 1.094254 -0.0109542 0.000487946 11.658729 0.156938 0.087885 0.382752 0. 0.
21.342400  8.643774 -0.113308 0.117176 1.112826 -0.0104663 0.000487946 11.432738 0.0690531 0.087885 0.396555 0. 0.
21.342400  8.643774 -0.113308 0.117176 1.112826 -0.0104663 0.000487946 11.432738 0.0690531 0.087885 0.396555 0. 0.
21.342400  8.643774 -0.113308 0.117176 1.112826 -0.0104663 0.000487946 11.432738 0.0690531 0.087885 0.396555 0. 0.
22.342400  8.987565 -0.230483 0.117176 1.130922 -0.00997835 0.000487946 11.382517 -0.0188321 0.087885 0.410524 0. 0.
23.420900  9.621011 -0.356857 0.117176 1.149423 -0.0094521 0.000487946 11.525363 -0.113616 0.087885 0.425533 0. 0.
23.420900  9.621011 -0.356857 0.117176 1.149423 -0.0094521 0.000487946 11.525363 -0.113616 0.087885 0.425533 0. 0.
23.503400  9.680690 -0.366524 0.117176 1.150783 -0.00941185 0.000487946 11.544708 -0.120867 0.087885 0.426671 0. 0.
23.563400  9.725095 -0.373555 0.117176 1.151767 -0.00938257 0.000487946 11.559528 -0.12614 0.087885 0.427498 0. 0.
23.680400  9.814111 -0.387264 0.117176 1.153674 -0.00932548 0.000487946 11.590248 -0.136422 0.087885 0.429107 0. 0.
23.680400  9.814111 -0.387264 0.117176 1.153674 -0.00932548 0.000487946 11.590248 -0.136422 0.087885 0.429107 0. 0.
23.780400  9.892735 -0.398982 0.117176 1.155289 -0.00927669 0.000487946 11.618411 -0.145211 0.087885 0.430478 0. 0.
23.887355  9.979422 -0.411514 0.117176 1.157002 -0.0092245 0.000487946 11.650479 -0.154611 0.087885 0.431941 0. 0.
24.193445  7.994569 6.36906 5.199139 1.162242 -0.00799658 0.00737428 14.795431 -10.9287 8.140135 0.435802 0. 0.
24.297400  6.726563 5.82858 5.199139 1.164498 -0.00722999 0.00737428 17.155588 -11.7749 8.140135 0.436841 0. 0.
24.397400  5.612839 5.30867 5.199139 1.167088 -0.00649256 0.00737428 19.591973 -12.5889 8.140135 0.437709 0. 0.
24.506070  4.520451 4.74368 5.199139 1.170522 -0.0056912 0.00737428 22.424181 -13.4735 8.140135 0.438534 0. 0.
24.802730  2.753004 1.59593 1.288412 1.184362 -0.00399502 0.00424585 26.000816 2.2101 0.226322 0.440427 0. 0.
25.300400  1.483616 0.95473 1.288412 1.223961 -0.00188198 0.00424585 23.857068 2.09747 0.226322 0.443607 0. 0.
26.254850  0.884045 -0.204083 1.178277 1.377317 0.142597 0.296457 16.290644 3.56265 0.840511 0.451315 0. 0.
27.209300  2.217836 -1.3629 1.288412 1.494530 0.555757 0.615759 10.255589 3.73513 1.457856 0.463078 0. 0.
27.680300  3.787507 -1.96974 1.288412 1.520509 0.84578 0.615759  7.060512 3.04848 1.457856 0.471892 0. 0.
27.798300  4.270306 -2.12177 1.288412 1.525180 0.918439 0.615759  6.361371 2.87645 1.457856 0.474695 0. 0.
27.893022  4.683822 -2.24381 1.288412 1.528551 0.976765 0.615759  5.829525 2.73836 1.457856 0.477170 0. 0.
28.105578  5.503210 -1.56408 0.626243 1.535175 1.08908 0.43779  4.918991 1.59739 0.722028 0.483528 0. 0.
28.362300  6.347551 -1.72485 0.626243 1.542091 1.20147 0.43779  4.146407 1.41203 0.722028 0.492580 0. 0.
28.476300  6.748955 -1.79624 0.626243 1.544863 1.25137 0.43779  3.833848 1.32972 0.722028 0.497131 0. 0.
28.573446  7.103863 -1.85708 0.626243 1.547096 1.2939 0.43779  3.582308 1.25957 0.722028 0.501304 0. 0.
28.785153  7.478612 0.121701 0.135695 1.551674 1.34791 0.0699326  3.275193 0.219342 0.320015 0.511244 0. 0.
28.900300  7.452385 0.106076 0.135695 1.554129 1.35596 0.0699326  3.228923 0.182493 0.320015 0.516880 0. 0.
28.960300  7.440144 0.0979345 0.135695 1.555412 1.36016 0.0699326  3.208176 0.163292 0.320015 0.519847 0. 0.
29.030300  7.427098 0.0884359 0.135695 1.556910 1.36506 0.0699326  3.186883 0.140891 0.320015 0.523332 0. 0.
29.030300  7.427098 0.0884359 0.135695 1.556910 1.36506 0.0699326  3.186883 0.140891 0.320015 0.523332 0. 0.
29.459300  7.376194 0.0302227 0.135695 1.566140 1.39506 0.0699326  3.124895 0.00360485 0.320015 0.545035 0. 0.
29.682750  7.405497 7.29309e-09 0.135035 1.570949 1.40628 -5.826e-08  3.108834 -7.28331e-15 0.321664 0.556455 0. 0.
29.906200  7.376194 -0.0302226 0.135695 1.575757 1.39506 -0.0699327  3.124895 -0.00360485 0.320015 0.567874 0. 0.
29.906200  7.376194 -0.0302226 0.135695 1.575757 1.39506 -0.0699327  3.124895 -0.00360485 0.320015 0.567874 0. 0.
29.906200  7.376194 -0.0302226 0.135695 1.575757 1.39506 -0.0699327  3.124895 -0.00360485 0.320015 0.567874 0. 0.
30.580347  7.478612 -0.121701 0.135695 1.590223 1.34791 -0.0699327  3.275193 -0.219342 0.320015 0.601666 0. 0.
30.792054  7.103863 1.85708 0.626243 1.594802 1.2939 -0.43779  3.582308 -1.25957 0.722028 0.611606 0. 0.
30.889200  6.748955 1.79624 0.626243 1.597035 1.25137 -0.43779  3.833848 -1.32972 0.722028 0.615778 0. 0.
31.003200  6.347551 1.72485 0.626243 1.599807 1.20147 -0.43779  4.146407 -1.41203 0.722028 0.620329 0. 0.
31.259922  5.503210 1.56408 0.626243 1.606722 1.08908 -0.43779  4.918991 -1.59739 0.722028 0.629381 0. 0.
31.472478  4.683822 2.24381 1.288412 1.613347 0.976765 -0.615759  5.829525 -2.73836 1.457856 0.635739 0. 0.
31.567200  4.270305 2.12177 1.288412 1.616718 0.918439 -0.615759  6.361371 -2.87645 1.457856 0.638215 0. 0.
31.685200  3.787507 1.96974 1.288412 1.621388 0.845779 -0.615759  7.060512 -3.04848 1.457856 0.641017 0. 0.
32.156200  2.217836 1.3629 1.288412 1.647368 0.555757 -0.615759 10.255589 -3.73513 1.457856 0.649831 0. 0.
33.110650  0.884045 0.204083 1.178277 1.764581 0.142597 -0.296457 16.290644 -3.56265 0.840511 0.661594 0. 0.
34.065100  1.483616 -0.95473 1.288412 1.917936 -0.0018823 -0.00424591 23.857068 -2.09747 0.226322 0.669302 0. 0.
34.562770  2.753004 -1.59593 1.288412 1.957536 -0.00399536 -0.00424591 26.000816 -2.2101 0.226322 0.672483 0. 0.
34.859430  4.520451 -4.74368 5.199139 1.971376 -0.00569159 -0.00737457 22.424181 13.4735 8.140135 0.674375 0. 0.
34.968100  5.612839 -5.30867 5.199139 1.974809 -0.00649299 -0.00737457 19.591973 12.5889 8.140135 0.675200 0. 0.
35.068100  6.726564 -5.82858 5.199139 1.977400 -0.00723044 -0.00737457 17.155588 11.7749 8.140135 0.676069 0. 0.
35.172055  7.994569 -6.36906 5.199139 1.979656 -0.00799707 -0.00737457 14.795431 10.9287 8.140135 0.677107 0. 0.
35.478145  9.979422 0.411514 0.117176 1.984895 -0.00922501 -0.000487839 11.650479 0.154611 0.087885 0.680968 0. 0.
35.585100  9.892735 0.398982 0.117176 1.986609 -0.00927719 -0.000487839 11.618411 0.145211 0.087885 0.682431 0. 0.
35.685100  9.814111 0.387264 0.117176 1.988224 -0.00932597 -0.000487839 11.590248 0.136422 0.087885 0.683803 0. 0.
35.685100  9.814111 0.387264 0.117176 1.988224 -0.00932597 -0.000487839 11.590248 0.136422 0.087885 0.683803 0. 0.
35.802100  9.725095 0.373555 0.117176 1.990130 -0.00938305 -0.000487839 11.559528 0.12614 0.087885 0.685412 0. 0.
35.862100  9.680690 0.366524 0.117176 1.991114 -0.00941232 -0.000487839 11.544708 0.120867 0.087885 0.686238 0. 0.
35.944600  9.621011 0.356857 0.117176 1.992475 -0.00945257 -0.000487839 11.525363 0.113616 0.087885 0.687376 0. 0.
35.944600  9.621011 0.356857 0.117176 1.992475 -0.00945257 -0.000487839 11.525363 0.113616 0.087885 0.687376 0. 0.
36.175100  9.462726 0.329848 0.117176 1.996320 -0.00956502 -0.000487839 11.477655 0.0933588 0.087885 0.690566 0. 0.
37.525100  8.785688 0.171661 0.117176 2.019971 -0.0102236 -0.000487839 11.385757 -0.0252863 0.087885 0.709405 0. 0.
37.525100  8.785688 0.171661 0.117176 2.019971 -0.0102236 -0.000487839 11.385757 -0.0252863 0.087885 0.709405 0. 0.
38.875100  8.535756 0.0134742 0.117176 2.044884 -0.0108822 -0.000487839 11.614201 -0.143931 0.087885 0.728133 0. 0.
39.105600  8.535769 -0.0135347 0.117176 2.049182 -0.0109946 -0.000487839 11.685222 -0.164189 0.087885 0.731282 0. 0.
39.105600  8.535769 -0.0135347 0.117176 2.049182 -0.0109946 -0.000487839 11.685222 -0.164189 0.087885 0.731282 0. 0.
39.188100  8.538800 -0.0232017 0.117176 2.050720 -0.0110349 -0.000487839 11.712912 -0.171439 0.087885 0.732405 0. 0.
39.248100  8.542006 -0.0302323 0.117176 2.051839 -0.0110641 -0.000487839 11.733801 -0.176712 0.087885 0.733219 0. 0.
39.365100  8.550685 -0.0439418 0.117176 2.054017 -0.0111212 -0.000487839 11.776355 -0.186995 0.087885 0.734803 0. 0.
39.365100  8.550685 -0.0439418 0.117176 2.054017 -0.0111212 -0.000487839 11.776355 -0.186995 0.087885 0.734803 0. 0.
39.465100  8.560645 -0.0556593 0.117176 2.055878 -0.01117 -0.000487839 11.814632 -0.195784 0.087885 0.736153 0. 0.
39.572055  8.573891 -0.0681918 0.117176 2.057865 -0.0112222 -0.000487839 11.857518 -0.205183 0.087885 0.737591 0. 0.
39.878145  6.721951 5.6268 4.858834 2.064030 -0.0100463 0.00801696 15.092390 -11.195 8.370363 0.741380 0. 0.
39.982100  5.604591 5.1217 4.858834 2.066725 -0.00921289 0.00801696 17.510405 -12.0652 8.370363 0.742398 0. 0.
40.082100  4.628840 4.63581 4.858834 2.069850 -0.00841119 0.00801696 20.007143 -12.9022 8.370363 0.743248 0. 0.
40.190770  3.678671 4.1078 4.858834 2.074042 -0.00753999 0.00801696 22.910157 -13.8118 8.370363 0.744056 0. 0.
40.487430  2.132638 1.43762 1.438015 2.091486 -0.00582985 0.00369881 26.592780 2.21462 0.222036 0.745907 0. 0.
40.985100  1.057873 0.721968 1.438015 2.145236 -0.00398907 0.00369881 24.443472 2.10412 0.222036 0.749014 0. 0.
41.939550  1.008673 -0.5714 1.315091 2.327379 0.139879 0.295933 16.760034 3.62286 0.842786 0.756522 0. 0.
42.894000  3.113567 -1.86477 1.438015 2.416417 0.552666 0.615212 10.612111 3.82705 1.474384 0.767922 0. 0.
43.365000  5.189188 -2.54207 1.438015 2.435109 0.842431 0.615212  7.334106 3.13262 1.474384 0.776423 0. 0.
43.483000  5.809140 -2.71176 1.438015 2.438530 0.915026 0.615212  6.615338 2.95864 1.474384 0.779120 0. 0.
43.577722  6.335769 -2.84797 1.438015 2.441015 0.9733 0.615212  6.068070 2.81898 1.474384 0.781499 0. 0.
43.790278  7.352877 -1.87878 0.616062 2.445942 1.08556 0.437844  5.131992 1.63839 0.717915 0.787600 0. 0.
44.047000  8.358129 -2.03694 0.616062 2.451155 1.19796 0.437844  4.338084 1.45409 0.717915 0.796263 0. 0.
44.161000  8.830558 -2.10717 0.616062 2.453267 1.24788 0.437844  4.015882 1.37225 0.717915 0.800611 0. 0.
44.258147  9.245780 -2.16702 0.616062 2.454978 1.29041 0.437844  3.756039 1.3025 0.717915 0.804592 0. 0.
44.469853  9.623016 0.42013 0.122260 2.458515 1.34453 0.0709439  3.440234 0.218262 0.304525 0.814063 0. 0.
44.585000  9.527884 0.406052 0.122260 2.460429 1.3527 0.0709439  3.394007 0.183197 0.304525 0.819427 0. 0.
44.645000  9.479598 0.398716 0.122260 2.461434 1.35696 0.0709439  3.373120 0.164926 0.304525 0.822250 0. 0.
44.715000  9.424376 0.390158 0.122260 2.462613 1.36193 0.0709439  3.351522 0.143609 0.304525 0.825564 0. 0.
44.715000  9.424376 0.390158 0.122260 2.462613 1.36193 0.0709439  3.351522 0.143609 0.304525 0.825564 0. 0.
45.144000  9.112121 0.337709 0.122260 2.469983 1.39236 0.0709439  3.284351 0.0129678 0.304525 0.846201 0. 0.
45.367450  9.011604 0.310478 0.121665 2.473905 1.4038 0.00100873  3.261800 0.0161994 0.306660 0.857075 0. 0.
45.590900  8.835517 0.283248 0.122260 2.477888 1.39281 -0.0689215  3.269872 0.0191146 0.305934 0.867973 0. 0.
45.590900  8.835517 0.283248 0.122260 2.477888 1.39281 -0.0689215  3.269872 0.0191146 0.305934 0.867973 0. 0.
45.590900  8.835517 0.283248 0.122260 2.477888 1.39281 -0.0689215  3.269872 0.0191146 0.305934 0.867973 0. 0.
46.265046  8.509179 0.200827 0.122260 2.490274 1.34635 -0.0689215  3.383139 -0.18713 0.305934 0.900456 0. 0.
46.476754  7.943266 2.41979 0.863042 2.494333 1.2926 -0.436379  3.681889 -1.25151 0.696999 0.910103 0. 0.
46.573900  7.481263 2.33595 0.863042 2.496339 1.2502 -0.436379  3.931626 -1.31922 0.696999 0.914167 0. 0.
46.687900  6.959883 2.23756 0.863042 2.498854 1.20046 -0.436379  4.241466 -1.39868 0.696999 0.918611 0. 0.
46.944622  5.867902 2.016 0.863042 2.505249 1.08843 -0.436379  5.005544 -1.57761 0.696999 0.927483 0. 0.
47.157178  4.858456 2.67514 1.678802 2.511548 0.976428 -0.614263  5.909519 -2.7269 1.427525 0.933742 0. 0.
47.251900  4.366729 2.51612 1.678802 2.514821 0.918244 -0.614263  6.438922 -2.86212 1.427525 0.936186 0. 0.
47.369900  3.796300 2.31802 1.678802 2.519434 0.845761 -0.614263  7.134258 -3.03057 1.427525 0.938957 0. 0.
47.840900  1.985148 1.52731 1.678802 2.546876 0.556443 -0.614263 10.305735 -3.70293 1.427525 0.947704 0. 0.
48.795350  0.651537 0.0173741 1.535296 2.701849 0.144721 -0.295026 16.248590 -3.50301 0.816753 0.959454 0. 0.
49.749800  1.922642 -1.49256 1.678802 2.860664 0.00149438 -0.00274998 23.679528 -2.03203 0.216606 0.967201 0. 0.
50.231800  3.751497 -2.30174 1.678802 2.889384 0.00016889 -0.00274998 25.688725 -2.13643 0.216606 0.970311 0. 0.
50.331800  4.228633 -2.46962 1.678802 2.893380 -0.000106108 -0.00274998 26.118178 -2.15809 0.216606 0.970926 0. 0.
50.437600  4.769997 -2.64724 1.678802 2.897130 -0.000397055 -0.00274998 26.577255 -2.18101 0.216606 0.971565 0. 0.
50.742000  6.423007 -2.74783 1.331244 2.905858 -0.00122757 -0.0026979 28.463728 -4.05653 0.613253 0.973332 0. 0.
50.860800  7.094680 -2.90598 1.331244 2.908659 -0.00154808 -0.0026979 29.436215 -4.12939 0.613253 0.973985 0. 0.
50.930800  7.508041 -2.99917 1.331244 2.910186 -0.00173693 -0.0026979 30.017334 -4.17231 0.613253 0.974360 0. 0.
51.039800  8.177677 -3.14428 1.331244 2.912400 -0.00203101 -0.0026979 30.934184 -4.23916 0.613253 0.974929 0. 0.
51.090800  8.501856 -3.21217 1.331244 2.913373 -0.0021686 -0.0026979 31.368174 -4.27043 0.613253 0.975190 0. 0.
51.218800  9.345983 -3.38257 1.331244 2.915659 -0.00251393 -0.0026979 32.471453 -4.34893 0.613253 0.975828 0. 0.
51.278800  9.756684 -3.46244 1.331244 2.916659 -0.0026758 -0.0026979 32.995532 -4.38573 0.613253 0.976120 0. 0.
51.398700 10.606116 -3.62206 1.331244 2.918535 -0.00299928 -0.0026979 34.056045 -4.45926 0.613253 0.976689 0. 0.
51.800900 18.025297 -16.6863 15.502195 2.923407 -0.00461654 -0.00555014 27.555443 18.9219 13.029679 0.978673 0. 0.
51.929250 22.564042 -18.676 15.502195 2.924420 -0.0053289 -0.00555014 22.912837 17.2495 13.029679 0.979486 0. 0.
51.929250 22.564042 -18.676 15.502195 2.924420 -0.0053289 -0.00555014 22.912837 17.2495 13.029679 0.979486 0. 0.
52.057600 27.613545 -20.6657 15.502195 2.925239 -0.00604126 -0.00555014 18.699525 15.5772 13.029679 0.980473 0. 0.
52.362000 33.004489 4.48985 0.641086 2.926776 -0.00690443 8.35413e-08 14.027626 1.05576 0.150748 0.983593 0. 0.
52.973800 27.750671 4.09763 0.641086 2.929994 -0.00690438 8.35413e-08 12.792221 0.963534 0.150748 0.990865 0. 0.
53.073800 26.937556 4.03352 0.641086 2.930576 -0.00690437 8.35413e-08 12.601022 0.94846 0.150748 0.992118 0. 0.
53.173800 26.137263 3.96941 0.641086 2.931175 -0.00690436 8.35413e-08 12.412837 0.933385 0.150748 0.993391 0. 0.
53.273800 25.349791 3.9053 0.641086 2.931794 -0.00690435 8.35413e-08 12.227668 0.91831 0.150748 0.994683 0. 0.
53.373800 24.575142 3.8412 0.641086 2.932431 -0.00690434 8.35413e-08 12.045513 0.903235 0.150748 0.995994 0. 0.
53.473800 23.813313 3.77709 0.641086 2.933089 -0.00690434 8.35413e-08 11.866374 0.88816 0.150748 0.997325 0. 0.
53.573800 23.064307 3.71298 0.641086 2.933768 -0.00690433 8.35413e-08 11.690249 0.873086 0.150748 0.998677 0. 0.
53.673800 22.328122 3.64887 0.641086 2.934470 -0.00690432 8.35413e-08 11.517139 0.858011 0.150748 1.000048 0. 0.
53.773800 21.604759 3.58476 0.641086 2.935194 -0.00690431 8.35413e-08 11.347045 0.842936 0.150748 1.001441 0. 0.
53.873800 20.894218 3.52065 0.641086 2.935944 -0.0069043 8.35413e-08 11.179965 0.827861 0.150748 1.002854 0. 0.
53.973800 20.196499 3.45654 0.641086 2.936718 -0.00690429 8.35413e-08 11.015900 0.812787 0.150748 1.004288 0. 0.
54.073800 19.511601 3.39243 0.641086 2.937520 -0.00690429 8.35413e-08 10.854850 0.797712 0.150748 1.005743 0. 0.
54.173800 18.839525 3.32833 0.641086 2.938350 -0.00690428 8.35413e-08 10.696815 0.782637 0.150748 1.007220 0. 0.
54.273800 18.180270 3.26422 0.641086 2.939210 -0.00690427 8.35413e-08 10.541795 0.767562 0.150748 1.008719 0. 0.
54.373800 17.533838 3.20011 0.641086 2.940102 -0.00690426 8.35413e-08 10.389790 0.752487 0.150748 1.010240 0. 0.
54.473800 16.900227 3.136 0.641086 2.941026 -0.00690425 8.35413e-08 10.240800 0.737413 0.150748 1.011783 0. 0.
54.573800 16.279437 3.07189 0.641086 2.941986 -0.00690424 8.35413e-08 10.094825 0.722338 0.150748 1.013348 0. 0.
54.673800 15.671470 3.00778 0.641086 2.942982 -0.00690424 8.35413e-08  9.951865 0.707263 0.150748 1.014936 0. 0.
54.773800 15.076324 2.94367 0.641086 2.944018 -0.00690423 8.35413e-08  9.811920 0.692188 0.150748 1.016547 0. 0.
54.873800 14.494000 2.87957 0.641086 2.945094 -0.00690422 8.35413e-08  9.674990 0.677114 0.150748 1.018180 0. 0.
54.973800 13.924498 2.81546 0.641086 2.946215 -0.00690421 8.35413e-08  9.541075 0.662039 0.150748 1.019837 0. 0.
55.073800 13.367817 2.75135 0.641086 2.947381 -0.0069042 8.35413e-08  9.410174 0.646964 0.150748 1.021516 0. 0.
55.173800 12.823958 2.68724 0.641086 2.948597 -0.00690419 8.35413e-08  9.282289 0.631889 0.150748 1.023219 0. 0.
55.273800 12.292921 2.62313 0.641086 2.949864 -0.00690419 8.35413e-08  9.157419 0.616815 0.150748 1.024946 0. 0.
55.373800 11.774705 2.55902 0.641086 2.951187 -0.00690418 8.35413e-08  9.035563 0.60174 0.150748 1.026695 0. 0.
55.473800 11.269312 2.49491 0.641086 2.952569 -0.00690417 8.35413e-08  8.916723 0.586665 0.150748 1.028469 0. 0.
55.573800 10.776740 2.43081 0.641086 2.954013 -0.00690416 8.35413e-08  8.800897 0.57159 0.150748 1.030265 0. 0.
55.673800 10.296989 2.3667 0.641086 2.955524 -0.00690415 8.35413e-08  8.688087 0.556515 0.150748 1.032085 0. 0.
55.773800  9.830061 2.30259 0.641086 2.957106 -0.00690414 8.35413e-08  8.578291 0.541441 0.150748 1.033929 0. 0.
55.873800  9.375954 2.23848 0.641086 2.958764 -0.00690414 8.35413e-08  8.471510 0.526366 0.150748 1.035796 0. 0.
55.973800  8.934669 2.17437 0.641086 2.960503 -0.00690413 8.35413e-08  8.367745 0.511291 0.150748 1.037686 0. 0.
56.073800  8.506205 2.11026 0.641086 2.962328 -0.00690412 8.35413e-08  8.266994 0.496216 0.150748 1.039600 0. 0.
56.173800  8.090564 2.04615 0.641086 2.964247 -0.00690411 8.35413e-08  8.169258 0.481142 0.150748 1.041537 0. 0.
56.273800  7.687744 1.98205 0.641086 2.966265 -0.0069041 8.35413e-08  8.074537 0.466067 0.150748 1.043496 0. 0.
56.373800  7.297745 1.91794 0.641086 2.968390 -0.00690409 8.35413e-08  7.982831 0.450992 0.150748 1.045479 0. 0.
56.473800  6.920569 1.85383 0.641086 2.970629 -0.00690409 8.35413e-08  7.894141 0.435917 0.150748 1.047484 0. 0.
56.573800  6.556214 1.78972 0.641086 2.972992 -0.00690408 8.35413e-08  7.808465 0.420842 0.150748 1.049511 0. 0.
56.673800  6.204681 1.72561 0.641086 2.975488 -0.00690407 8.35413e-08  7.725804 0.405768 0.150748 1.051560 0. 0.
56.773800  5.865969 1.6615 0.641086 2.978126 -0.00690406 8.35413e-08  7.646158 0.390693 0.150748 1.053631 0. 0.
56.873800  5.540080 1.59739 0.641086 2.980918 -0.00690405 8.35413e-08  7.569526 0.375618 0.150748 1.055723 0. 0.
56.973800  5.227012 1.53329 0.641086 2.983876 -0.00690404 8.35413e-08  7.495910 0.360543 0.150748 1.057836 0. 0.
57.073800  4.926766 1.46918 0.641086 2.987012 -0.00690404 8.35413e-08  7.425309 0.345469 0.150748 1.059969 0. 0.
57.173800  4.639341 1.40507 0.641086 2.990341 -0.00690403 8.35413e-08  7.357723 0.330394 0.150748 1.062123 0. 0.
57.273800  4.364738 1.34096 0.641086 2.993879 -0.00690402 8.35413e-08  7.293152 0.315319 0.150748 1.064295 0. 0.
57.373800  4.102957 1.27685 0.641086 2.997640 -0.00690401 8.35413e-08  7.231595 0.300244 0.150748 1.066487 0. 0.
57.473800  3.853998 1.21274 0.641086 3.001643 -0.006904 8.35413e-08  7.173054 0.285169 0.150748 1.068697 0. 0.
57.573800  3.617860 1.14863 0.641086 3.005905 -0.00690399 8.35413e-08  7.117527 0.270095 0.150748 1.070924 0. 0.
57.673800  3.394544 1.08453 0.641086 3.010447 -0.00690398 8.35413e-08  7.065016 0.25502 0.150748 1.073169 0. 0.
57.773800  3.184050 1.02042 0.641086 3.015289 -0.00690398 8.35413e-08  7.015519 0.239945 0.150748 1.075429 0. 0.
57.873800  2.986378 0.956308 0.641086 3.020451 -0.00690397 8.35413e-08  6.969038 0.22487 0.150748 1.077706 0. 0.
57.973800  2.801527 0.892199 0.641086 3.025955 -0.00690396 8.35413e-08  6.925571 0.209796 0.150748 1.079997 0. 0.
58.073800  2.629498 0.828091 0.641086 3.031820 -0.00690395 8.35413e-08  6.885120 0.194721 0.150748 1.082302 0. 0.
58.173800  2.470291 0.763982 0.641086 3.038066 -0.00690394 8.35413e-08  6.847683 0.179646 0.150748 1.084620 0. 0.
58.273800  2.323905 0.699874 0.641086 3.044711 -0.00690393 8.35413e-08  6.813261 0.164571 0.150748 1.086950 0. 0.
58.373800  2.190341 0.635765 0.641086 3.051768 -0.00690393 8.35413e-08  6.781854 0.149497 0.150748 1.089291 0. 0.
58.473800  2.069599 0.571656 0.641086 3.059245 -0.00690392 8.35413e-08  6.753463 0.134422 0.150748 1.091643 0. 0.
58.573800  1.961679 0.507548 0.641086 3.067148 -0.00690391 8.35413e-08  6.728086 0.119347 0.150748 1.094004 0. 0.
58.673800  1.866580 0.443439 0.641086 3.075469 -0.0069039 8.35413e-08  6.705724 0.104272 0.150748 1.096374 0. 0.
58.773800  1.784303 0.379331 0.641086 3.084194 -0.00690389 8.35413e-08  6.686377 0.0891974 0.150748 1.098751 0. 0.
58.873800  1.714848 0.315222 0.641086 3.093297 -0.00690388 8.35413e-08  6.670045 0.0741227 0.150748 1.101134 0. 0.
58.973800  1.658214 0.251113 0.641086 3.102741 -0.00690388 8.35413e-08  6.656728 0.0590479 0.150748 1.103522 0. 0.
59.073800  1.614402 0.187005 0.641086 3.112475 -0.00690387 8.35413e-08  6.646426 0.0439731 0.150748 1.105915 0. 0.
59.173800  1.583412 0.122896 0.641086 3.122436 -0.00690386 8.35413e-08  6.639138 0.0288983 0.150748 1.108311 0. 0.
59.273800  1.565244 0.0587876 0.641086 3.132552 -0.00690385 8.35413e-08  6.634866 0.0138236 0.150748 1.110709 0. 0.
59.365500  1.559853 1.28381e-08 0.641086 3.141897 -0.00690384 8.35413e-08  6.633599 1.33865e-16 0.150748 1.112909 0. 0.
59.365500  1.559853 1.28381e-08 0.641086 3.141897 -0.00690384 8.35413e-08  6.633599 1.33865e-16 0.150748 1.112909 0. 0.
59.365500  1.559853 1.28381e-08 0.641086 3.141897 -0.00690384 8.35413e-08  6.633599 1.33865e-16 0.150748 1.112909 0. 0.
59.365500  1.559853 1.28381e-08 0.641086 3.141897 -0.00690384 8.35413e-08  6.633599 1.33865e-16 0.150748 1.112909 0. 0.
