0:
1:
2:
3:
4:
5:
6:
7:
8:
9:
10:
11:
12:
13:
14:
15:
16:
17:
18:
19:
20:
21:
22:
23:
24:
25:
26:
27:
28:
29:
30:
31:
32:
33:
34:
35:
36:
37:
38:
39:
40:
41:
42:
43:
44:
46:s[m]  beta_x[m] alpha_x gamma_x nu_x eta_x etap_x beta_y[m] alpha_y gamma_y nu_y eta_y etap_y
0.000000  1.559853 1.28381e-08 0.641086 0.000000 -0.00690384 8.35413e-08  6.633599 1.33865e-16 0.150748 0.000000 0. 0.
0.000000  1.559853 1.28381e-08 0.641086 0.000000 -0.00690384 8.35413e-08  6.633599 1.33865e-16 0.150748 0.000000 0. 0.
0.000000  1.559853 1.28381e-08 0.641086 0.000000 -0.00690384 8.35413e-08  6.633599 1.33865e-16 0.150748 0.000000 0. 0.
0.000000  1.559853 1.28381e-08 0.641086 0.000000 -0.00690384 8.35413e-08  6.633599 1.33865e-16 0.150748 0.000000 0. 0.
0.091700  1.565244 0.0587876 0.641086 0.009346 -0.00690385 8.35413e-08  6.634866 0.0138236 0.150748 0.002200 0. 0.
0.191700  1.583412 0.122896 0.641086 0.019462 -0.00690386 8.35413e-08  6.639138 0.0288983 0.150748 0.004598 0. 0.
0.291700  1.614402 0.187005 0.641086 0.029423 -0.00690387 8.35413e-08  6.646426 0.0439731 0.150748 0.006994 0. 0.
0.391700  1.658214 0.251113 0.641086 0.039156 -0.00690388 8.35413e-08  6.656728 0.0590479 0.150748 0.009387 0. 0.
0.491700  1.714848 0.315222 0.641086 0.048600 -0.00690388 8.35413e-08  6.670045 0.0741227 0.150748 0.011775 0. 0.
0.591700  1.784303 0.379331 0.641086 0.057704 -0.00690389 8.35413e-08  6.686377 0.0891974 0.150748 0.014159 0. 0.
0.691700  1.866580 0.443439 0.641086 0.066429 -0.0069039 8.35413e-08  6.705724 0.104272 0.150748 0.016536 0. 0.
0.791700  1.961679 0.507548 0.641086 0.074750 -0.00690391 8.35413e-08  6.728086 0.119347 0.150748 0.018905 0. 0.
0.891700  2.069599 0.571656 0.641086 0.082652 -0.00690392 8.35413e-08  6.753463 0.134422 0.150748 0.021266 0. 0.
0.991700  2.190341 0.635765 0.641086 0.090130 -0.00690393 8.35413e-08  6.781854 0.149497 0.150748 0.023618 0. 0.
1.091700  2.323905 0.699874 0.641086 0.097187 -0.00690393 8.35413e-08  6.813261 0.164571 0.150748 0.025960 0. 0.
1.191700  2.470291 0.763982 0.641086 0.103831 -0.00690394 8.35413e-08  6.847683 0.179646 0.150748 0.028290 0. 0.
1.291700  2.629498 0.828091 0.641086 0.110077 -0.00690395 8.35413e-08  6.885120 0.194721 0.150748 0.030608 0. 0.
1.391700  2.801527 0.892199 0.641086 0.115943 -0.00690396 8.35413e-08  6.925571 0.209796 0.150748 0.032913 0. 0.
1.491700  2.986378 0.956308 0.641086 0.121446 -0.00690397 8.35413e-08  6.969038 0.22487 0.150748 0.035204 0. 0.
1.591700  3.184050 1.02042 0.641086 0.126608 -0.00690398 8.35413e-08  7.015519 0.239945 0.150748 0.037480 0. 0.
1.691700  3.394544 1.08453 0.641086 0.131450 -0.00690398 8.35413e-08  7.065016 0.25502 0.150748 0.039741 0. 0.
1.791700  3.617860 1.14863 0.641086 0.135992 -0.00690399 8.35413e-08  7.117527 0.270095 0.150748 0.041985 0. 0.
1.891700  3.853998 1.21274 0.641086 0.140255 -0.006904 8.35413e-08  7.173054 0.285169 0.150748 0.044213 0. 0.
1.991700  4.102957 1.27685 0.641086 0.144258 -0.00690401 8.35413e-08  7.231595 0.300244 0.150748 0.046422 0. 0.
2.091700  4.364738 1.34096 0.641086 0.148019 -0.00690402 8.35413e-08  7.293152 0.315319 0.150748 0.048614 0. 0.
2.191700  4.639341 1.40507 0.641086 0.151556 -0.00690403 8.35413e-08  7.357723 0.330394 0.150748 0.050787 0. 0.
2.291700  4.926766 1.46918 0.641086 0.154885 -0.00690404 8.35413e-08  7.425309 0.345469 0.150748 0.052940 0. 0.
2.391700  5.227012 1.53329 0.641086 0.158022 -0.00690404 8.35413e-08  7.495910 0.360543 0.150748 0.055073 0. 0.
2.491700  5.540080 1.59739 0.641086 0.160980 -0.00690405 8.35413e-08  7.569526 0.375618 0.150748 0.057186 0. 0.
2.591700  5.865969 1.6615 0.641086 0.163772 -0.00690406 8.35413e-08  7.646158 0.390693 0.150748 0.059278 0. 0.
2.691700  6.204681 1.72561 0.641086 0.166410 -0.00690407 8.35413e-08  7.725804 0.405768 0.150748 0.061349 0. 0.
2.791700  6.556214 1.78972 0.641086 0.168905 -0.00690408 8.35413e-08  7.808465 0.420842 0.150748 0.063398 0. 0.
2.891700  6.920569 1.85383 0.641086 0.171268 -0.00690409 8.35413e-08  7.894141 0.435917 0.150748 0.065426 0. 0.
2.991700  7.297745 1.91794 0.641086 0.173508 -0.00690409 8.35413e-08  7.982831 0.450992 0.150748 0.067431 0. 0.
3.091700  7.687744 1.98205 0.641086 0.175633 -0.0069041 8.35413e-08  8.074537 0.466067 0.150748 0.069413 0. 0.
3.191700  8.090564 2.04615 0.641086 0.177651 -0.00690411 8.35413e-08  8.169258 0.481142 0.150748 0.071373 0. 0.
3.291700  8.506205 2.11026 0.641086 0.179569 -0.00690412 8.35413e-08  8.266994 0.496216 0.150748 0.073309 0. 0.
3.391700  8.934669 2.17437 0.641086 0.181395 -0.00690413 8.35413e-08  8.367745 0.511291 0.150748 0.075223 0. 0.
3.491700  9.375954 2.23848 0.641086 0.183134 -0.00690414 8.35413e-08  8.471510 0.526366 0.150748 0.077113 0. 0.
3.591700  9.830061 2.30259 0.641086 0.184792 -0.00690414 8.35413e-08  8.578291 0.541441 0.150748 0.078980 0. 0.
3.691700 10.296989 2.3667 0.641086 0.186374 -0.00690415 8.35413e-08  8.688087 0.556515 0.150748 0.080824 0. 0.
3.791700 10.776740 2.43081 0.641086 0.187884 -0.00690416 8.35413e-08  8.800897 0.57159 0.150748 0.082644 0. 0.
3.891700 11.269312 2.49491 0.641086 0.189329 -0.00690417 8.35413e-08  8.916723 0.586665 0.150748 0.084441 0. 0.
3.991700 11.774705 2.55902 0.641086 0.190710 -0.00690418 8.35413e-08  9.035563 0.60174 0.150748 0.086214 0. 0.
4.091700 12.292921 2.62313 0.641086 0.192033 -0.00690419 8.35413e-08  9.157419 0.616815 0.150748 0.087964 0. 0.
4.191700 12.823958 2.68724 0.641086 0.193301 -0.00690419 8.35413e-08  9.282289 0.631889 0.150748 0.089690 0. 0.
4.291700 13.367817 2.75135 0.641086 0.194516 -0.0069042 8.35413e-08  9.410174 0.646964 0.150748 0.091393 0. 0.
4.391700 13.924498 2.81546 0.641086 0.195683 -0.00690421 8.35413e-08  9.541075 0.662039 0.150748 0.093073 0. 0.
4.491700 14.494000 2.87957 0.641086 0.196803 -0.00690422 8.35413e-08  9.674990 0.677114 0.150748 0.094729 0. 0.
4.591700 15.076324 2.94367 0.641086 0.197880 -0.00690423 8.35413e-08  9.811920 0.692188 0.150748 0.096363 0. 0.
4.691700 15.671470 3.00778 0.641086 0.198915 -0.00690424 8.35413e-08  9.951865 0.707263 0.150748 0.097973 0. 0.
4.791700 16.279437 3.07189 0.641086 0.199912 -0.00690424 8.35413e-08 10.094825 0.722338 0.150748 0.099561 0. 0.
4.891700 16.900227 3.136 0.641086 0.200871 -0.00690425 8.35413e-08 10.240800 0.737413 0.150748 0.101126 0. 0.
4.991700 17.533838 3.20011 0.641086 0.201796 -0.00690426 8.35413e-08 10.389790 0.752487 0.150748 0.102669 0. 0.
5.091700 18.180270 3.26422 0.641086 0.202687 -0.00690427 8.35413e-08 10.541795 0.767562 0.150748 0.104190 0. 0.
5.191700 18.839525 3.32833 0.641086 0.203547 -0.00690428 8.35413e-08 10.696815 0.782637 0.150748 0.105689 0. 0.
5.291700 19.511601 3.39243 0.641086 0.204377 -0.00690429 8.35413e-08 10.854850 0.797712 0.150748 0.107166 0. 0.
5.391700 20.196499 3.45654 0.641086 0.205179 -0.00690429 8.35413e-08 11.015900 0.812787 0.150748 0.108622 0. 0.
5.491700 20.894218 3.52065 0.641086 0.205954 -0.0069043 8.35413e-08 11.179965 0.827861 0.150748 0.110056 0. 0.
5.591700 21.604759 3.58476 0.641086 0.206703 -0.00690431 8.35413e-08 11.347045 0.842936 0.150748 0.111469 0. 0.
5.691700 22.328122 3.64887 0.641086 0.207428 -0.00690432 8.35413e-08 11.517139 0.858011 0.150748 0.112861 0. 0.
5.791700 23.064307 3.71298 0.641086 0.208129 -0.00690433 8.35413e-08 11.690249 0.873086 0.150748 0.114233 0. 0.
5.891700 23.813313 3.77709 0.641086 0.208808 -0.00690434 8.35413e-08 11.866374 0.88816 0.150748 0.115584 0. 0.
5.991700 24.575142 3.8412 0.641086 0.209466 -0.00690434 8.35413e-08 12.045513 0.903235 0.150748 0.116915 0. 0.
6.091700 25.349791 3.9053 0.641086 0.210104 -0.00690435 8.35413e-08 12.227668 0.91831 0.150748 0.118227 0. 0.
6.191700 26.137263 3.96941 0.641086 0.210722 -0.00690436 8.35413e-08 12.412837 0.933385 0.150748 0.119518 0. 0.
6.291700 26.937556 4.03352 0.641086 0.211322 -0.00690437 8.35413e-08 12.601022 0.94846 0.150748 0.120791 0. 0.
6.391700 27.750671 4.09763 0.641086 0.211904 -0.00690438 8.35413e-08 12.792221 0.963534 0.150748 0.122045 0. 0.
7.003500 33.004489 4.48985 0.641086 0.215122 -0.00690443 8.35413e-08 14.027626 1.05576 0.150748 0.129316 0. 0.
7.307900 27.613545 -20.6657 15.502195 0.216659 -0.00604126 -0.00555014 18.699525 15.5772 13.029679 0.132436 0. 0.
7.436250 22.564042 -18.676 15.502195 0.217477 -0.0053289 -0.00555014 22.912837 17.2495 13.029679 0.133423 0. 0.
7.436250 22.564042 -18.676 15.502195 0.217477 -0.0053289 -0.00555014 22.912837 17.2495 13.029679 0.133423 0. 0.
7.564600 18.025297 -16.6863 15.502195 0.218490 -0.00461654 -0.00555014 27.555443 18.9219 13.029679 0.134236 0. 0.
7.966800 10.606116 -3.62206 1.331244 0.223363 -0.00299928 -0.0026979 34.056045 -4.45926 0.613253 0.136220 0. 0.
8.086700  9.756684 -3.46244 1.331244 0.225239 -0.0026758 -0.0026979 32.995532 -4.38573 0.613253 0.136789 0. 0.
8.146700  9.345983 -3.38257 1.331244 0.226239 -0.00251393 -0.0026979 32.471453 -4.34893 0.613253 0.137081 0. 0.
8.274700  8.501856 -3.21217 1.331244 0.228524 -0.0021686 -0.0026979 31.368174 -4.27043 0.613253 0.137719 0. 0.
8.325700  8.177677 -3.14428 1.331244 0.229498 -0.00203101 -0.0026979 30.934184 -4.23916 0.613253 0.137980 0. 0.
8.434700  7.508041 -2.99917 1.331244 0.231712 -0.00173693 -0.0026979 30.017334 -4.17231 0.613253 0.138549 0. 0.
8.504700  7.094680 -2.90598 1.331244 0.233238 -0.00154808 -0.0026979 29.436215 -4.12939 0.613253 0.138924 0. 0.
8.623500  6.423007 -2.74783 1.331244 0.236039 -0.00122757 -0.0026979 28.463728 -4.05653 0.613253 0.139577 0. 0.
8.927900  4.769997 -2.64724 1.678802 0.244768 -0.000397055 -0.00274998 26.577255 -2.18101 0.216606 0.141344 0. 0.
9.033700  4.228633 -2.46962 1.678802 0.248517 -0.000106108 -0.00274998 26.118178 -2.15809 0.216606 0.141983 0. 0.
9.133700  3.751497 -2.30174 1.678802 0.252514 0.00016889 -0.00274998 25.688725 -2.13643 0.216606 0.142598 0. 0.
9.615700  1.922642 -1.49256 1.678802 0.281233 0.00149438 -0.00274998 23.679528 -2.03203 0.216606 0.145708 0. 0.
10.570150  0.651537 0.0173741 1.535296 0.440049 0.144721 -0.295026 16.248590 -3.50301 0.816753 0.153456 0. 0.
11.524600  1.985148 1.52731 1.678802 0.595021 0.556443 -0.614263 10.305735 -3.70293 1.427525 0.165205 0. 0.
11.995600  3.796300 2.31802 1.678802 0.622463 0.845761 -0.614263  7.134258 -3.03057 1.427525 0.173952 0. 0.
12.113600  4.366729 2.51612 1.678802 0.627076 0.918244 -0.614263  6.438922 -2.86212 1.427525 0.176723 0. 0.
12.208322  4.858456 2.67514 1.678802 0.630350 0.976428 -0.614263  5.909519 -2.7269 1.427525 0.179167 0. 0.
12.420878  5.867902 2.016 0.863042 0.636649 1.08843 -0.436379  5.005544 -1.57761 0.696999 0.185427 0. 0.
12.677600  6.959883 2.23756 0.863042 0.643044 1.20046 -0.436379  4.241466 -1.39868 0.696999 0.194299 0. 0.
12.791600  7.481263 2.33595 0.863042 0.645558 1.2502 -0.436379  3.931626 -1.31922 0.696999 0.198742 0. 0.
12.888746  7.943266 2.41979 0.863042 0.647564 1.2926 -0.436379  3.681889 -1.25151 0.696999 0.202806 0. 0.
13.100454  8.509179 0.200827 0.122260 0.651623 1.34635 -0.0689215  3.383139 -0.18713 0.305934 0.212453 0. 0.
13.774600  8.835517 0.283248 0.122260 0.664010 1.39281 -0.0689215  3.269872 0.0191146 0.305934 0.244937 0. 0.
13.774600  8.835517 0.283248 0.122260 0.664010 1.39281 -0.0689215  3.269872 0.0191146 0.305934 0.244937 0. 0.
13.774600  8.835517 0.283248 0.122260 0.664010 1.39281 -0.0689215  3.269872 0.0191146 0.305934 0.244937 0. 0.
13.998050  9.011604 0.310478 0.121665 0.667992 1.4038 0.00100873  3.261800 0.0161994 0.306660 0.255835 0. 0.
14.221500  9.112121 0.337709 0.122260 0.671914 1.39236 0.0709439  3.284351 0.0129678 0.304525 0.266709 0. 0.
14.650500  9.424376 0.390158 0.122260 0.679285 1.36193 0.0709439  3.351522 0.143609 0.304525 0.287346 0. 0.
14.650500  9.424376 0.390158 0.122260 0.679285 1.36193 0.0709439  3.351522 0.143609 0.304525 0.287346 0. 0.
14.720500  9.479598 0.398716 0.122260 0.680463 1.35696 0.0709439  3.373120 0.164926 0.304525 0.290660 0. 0.
14.780500  9.527884 0.406052 0.122260 0.681468 1.3527 0.0709439  3.394007 0.183197 0.304525 0.293482 0. 0.
14.895646  9.623016 0.42013 0.122260 0.683382 1.34453 0.0709439  3.440234 0.218262 0.304525 0.298846 0. 0.
15.107353  9.245780 -2.16702 0.616062 0.686920 1.29041 0.437844  3.756039 1.3025 0.717915 0.308317 0. 0.
15.204500  8.830558 -2.10717 0.616062 0.688631 1.24788 0.437844  4.015882 1.37225 0.717915 0.312298 0. 0.
15.318500  8.358129 -2.03694 0.616062 0.690743 1.19796 0.437844  4.338084 1.45409 0.717915 0.316646 0. 0.
15.575222  7.352877 -1.87878 0.616062 0.695956 1.08556 0.437844  5.131992 1.63839 0.717915 0.325310 0. 0.
15.787778  6.335769 -2.84797 1.438015 0.700883 0.9733 0.615212  6.068070 2.81898 1.474384 0.331410 0. 0.
15.882500  5.809140 -2.71176 1.438015 0.703368 0.915026 0.615212  6.615338 2.95864 1.474384 0.333790 0. 0.
16.000500  5.189188 -2.54207 1.438015 0.706789 0.842431 0.615212  7.334106 3.13262 1.474384 0.336486 0. 0.
16.471500  3.113567 -1.86477 1.438015 0.725481 0.552666 0.615212 10.612111 3.82705 1.474384 0.344987 0. 0.
17.425950  1.008673 -0.5714 1.315091 0.814518 0.139879 0.295933 16.760034 3.62286 0.842786 0.356387 0. 0.
18.380400  1.057873 0.721968 1.438015 0.996662 -0.00398907 0.00369881 24.443472 2.10412 0.222036 0.363895 0. 0.
18.878070  2.132638 1.43762 1.438015 1.050411 -0.00582985 0.00369881 26.592780 2.21462 0.222036 0.367002 0. 0.
19.174730  3.678671 4.1078 4.858834 1.067855 -0.00753999 0.00801696 22.910157 -13.8118 8.370363 0.368853 0. 0.
19.283400  4.628840 4.63581 4.858834 1.072047 -0.00841119 0.00801696 20.007143 -12.9022 8.370363 0.369661 0. 0.
19.383400  5.604591 5.1217 4.858834 1.075172 -0.00921289 0.00801696 17.510405 -12.0652 8.370363 0.370511 0. 0.
19.487355  6.721951 5.6268 4.858834 1.077868 -0.0100463 0.00801696 15.092390 -11.195 8.370363 0.371529 0. 0.
19.793445  8.573891 -0.0681918 0.117176 1.084033 -0.0112222 -0.000487839 11.857518 -0.205183 0.087885 0.375319 0. 0.
19.900400  8.560645 -0.0556593 0.117176 1.086020 -0.01117 -0.000487839 11.814632 -0.195784 0.087885 0.376757 0. 0.
20.000400  8.550685 -0.0439418 0.117176 1.087880 -0.0111212 -0.000487839 11.776355 -0.186995 0.087885 0.378106 0. 0.
20.000400  8.550685 -0.0439418 0.117176 1.087880 -0.0111212 -0.000487839 11.776355 -0.186995 0.087885 0.378106 0. 0.
20.117400  8.542006 -0.0302323 0.117176 1.090059 -0.0110641 -0.000487839 11.733801 -0.176712 0.087885 0.379690 0. 0.
20.177400  8.538800 -0.0232017 0.117176 1.091177 -0.0110349 -0.000487839 11.712912 -0.171439 0.087885 0.380505 0. 0.
20.259900  8.535769 -0.0135347 0.117176 1.092715 -0.0109946 -0.000487839 11.685222 -0.164189 0.087885 0.381627 0. 0.
20.259900  8.535769 -0.0135347 0.117176 1.092715 -0.0109946 -0.000487839 11.685222 -0.164189 0.087885 0.381627 0. 0.
20.490400  8.535756 0.0134742 0.117176 1.097013 -0.0108822 -0.000487839 11.614201 -0.143931 0.087885 0.384776 0. 0.
21.840400  8.785688 0.171661 0.117176 1.121926 -0.0102236 -0.000487839 11.385757 -0.0252863 0.087885 0.403504 0. 0.
21.840400  8.785688 0.171661 0.117176 1.121926 -0.0102236 -0.000487839 11.385757 -0.0252863 0.087885 0.403504 0. 0.
23.190400  9.462726 0.329848 0.117176 1.145578 -0.00956502 -0.000487839 11.477655 0.0933588 0.087885 0.422343 0. 0.
23.420900  9.621011 0.356857 0.117176 1.149423 -0.00945257 -0.000487839 11.525363 0.113616 0.087885 0.425533 0. 0.
23.420900  9.621011 0.356857 0.117176 1.149423 -0.00945257 -0.000487839 11.525363 0.113616 0.087885 0.425533 0. 0.
23.503400  9.680690 0.366524 0.117176 1.150783 -0.00941232 -0.000487839 11.544708 0.120867 0.087885 0.426671 0. 0.
23.563400  9.725095 0.373555 0.117176 1.151767 -0.00938305 -0.000487839 11.559528 0.12614 0.087885 0.427498 0. 0.
23.680400  9.814111 0.387264 0.117176 1.153674 -0.00932597 -0.000487839 11.590248 0.136422 0.087885 0.429107 0. 0.
23.680400  9.814111 0.387264 0.117176 1.153674 -0.00932597 -0.000487839 11.590248 0.136422 0.087885 0.429107 0. 0.
23.780400  9.892735 0.398982 0.117176 1.155289 -0.00927719 -0.000487839 11.618411 0.145211 0.087885 0.430478 0. 0.
23.887355  9.979422 0.411514 0.117176 1.157002 -0.00922501 -0.000487839 11.650479 0.154611 0.087885 0.431941 0. 0.
24.193445  7.994569 -6.36906 5.199139 1.162242 -0.00799707 -0.00737457 14.795431 10.9287 8.140135 0.435802 0. 0.
24.297400  6.726564 -5.82858 5.199139 1.164498 -0.00723044 -0.00737457 17.155588 11.7749 8.140135 0.436841 0. 0.
24.397400  5.612839 -5.30867 5.199139 1.167088 -0.00649299 -0.00737457 19.591973 12.5889 8.140135 0.437709 0. 0.
24.506070  4.520451 -4.74368 5.199139 1.170522 -0.00569159 -0.00737457 22.424181 13.4735 8.140135 0.438534 0. 0.
24.802730  2.753004 -1.59593 1.288412 1.184362 -0.00399536 -0.00424591 26.000816 -2.2101 0.226322 0.440427 0. 0.
25.300400  1.483616 -0.95473 1.288412 1.223961 -0.0018823 -0.00424591 23.857068 -2.09747 0.226322 0.443607 0. 0.
26.254850  0.884045 0.204083 1.178277 1.377317 0.142597 -0.296457 16.290644 -3.56265 0.840511 0.451315 0. 0.
27.209300  2.217836 1.3629 1.288412 1.494530 0.555757 -0.615759 10.255589 -3.73513 1.457856 0.463078 0. 0.
27.680300  3.787507 1.96974 1.288412 1.520509 0.845779 -0.615759  7.060512 -3.04848 1.457856 0.471892 0. 0.
27.798300  4.270305 2.12177 1.288412 1.525180 0.918439 -0.615759  6.361371 -2.87645 1.457856 0.474695 0. 0.
27.893022  4.683822 2.24381 1.288412 1.528551 0.976765 -0.615759  5.829525 -2.73836 1.457856 0.477170 0. 0.
28.105578  5.503210 1.56408 0.626243 1.535175 1.08908 -0.43779  4.918991 -1.59739 0.722028 0.483528 0. 0.
28.362300  6.347551 1.72485 0.626243 1.542091 1.20147 -0.43779  4.146407 -1.41203 0.722028 0.492580 0. 0.
28.476300  6.748955 1.79624 0.626243 1.544863 1.25137 -0.43779  3.833848 -1.32972 0.722028 0.497131 0. 0.
28.573446  7.103863 1.85708 0.626243 1.547096 1.2939 -0.43779  3.582308 -1.25957 0.722028 0.501304 0. 0.
28.785153  7.478612 -0.121701 0.135695 1.551674 1.34791 -0.0699327  3.275193 -0.219342 0.320015 0.511244 0. 0.
29.459300  7.376194 -0.0302226 0.135695 1.566140 1.39506 -0.0699327  3.124895 -0.00360485 0.320015 0.545035 0. 0.
29.459300  7.376194 -0.0302226 0.135695 1.566140 1.39506 -0.0699327  3.124895 -0.00360485 0.320015 0.545035 0. 0.
29.459300  7.376194 -0.0302226 0.135695 1.566140 1.39506 -0.0699327  3.124895 -0.00360485 0.320015 0.545035 0. 0.
29.682750  7.405497 7.29309e-09 0.135035 1.570949 1.40628 -5.826e-08  3.108834 -7.28331e-15 0.321664 0.556455 0. 0.
29.906200  7.376194 0.0302227 0.135695 1.575757 1.39506 0.0699326  3.124895 0.00360485 0.320015 0.567874 0. 0.
30.335200  7.427098 0.0884359 0.135695 1.584987 1.36506 0.0699326  3.186883 0.140891 0.320015 0.589578 0. 0.
30.335200  7.427098 0.0884359 0.135695 1.584987 1.36506 0.0699326  3.186883 0.140891 0.320015 0.589578 0. 0.
30.405200  7.440144 0.0979345 0.135695 1.586486 1.36016 0.0699326  3.208176 0.163292 0.320015 0.593062 0. 0.
30.465200  7.452385 0.106076 0.135695 1.587768 1.35596 0.0699326  3.228923 0.182493 0.320015 0.596029 0. 0.
30.580346  7.478612 0.121701 0.135695 1.590223 1.34791 0.0699326  3.275193 0.219342 0.320015 0.601666 0. 0.
30.792053  7.103863 -1.85708 0.626243 1.594802 1.2939 0.43779  3.582308 1.25957 0.722028 0.611606 0. 0.
30.889200  6.748955 -1.79624 0.626243 1.597035 1.25137 0.43779  3.833848 1.32972 0.722028 0.615778 0. 0.
31.003200  6.347551 -1.72485 0.626243 1.599807 1.20147 0.43779  4.146407 1.41203 0.722028 0.620329 0. 0.
31.259922  5.503210 -1.56408 0.626243 1.606722 1.08908 0.43779  4.918991 1.59739 0.722028 0.629381 0. 0.
31.472478  4.683822 -2.24381 1.288412 1.613347 0.976765 0.615759  5.829525 2.73836 1.457856 0.635739 0. 0.
31.567200  4.270306 -2.12177 1.288412 1.616718 0.918439 0.615759  6.361371 2.87645 1.457856 0.638215 0. 0.
31.685200  3.787507 -1.96974 1.288412 1.621388 0.84578 0.615759  7.060512 3.04848 1.457856 0.641017 0. 0.
32.156200  2.217836 -1.3629 1.288412 1.647368 0.555757 0.615759 10.255589 3.73513 1.457856 0.649831 0. 0.
33.110650  0.884045 -0.204083 1.178277 1.764581 0.142597 0.296457 16.290644 3.56265 0.840511 0.661594 0. 0.
34.065100  1.483616 0.95473 1.288412 1.917936 -0.00188198 0.00424585 23.857068 2.09747 0.226322 0.669302 0. 0.
34.562770  2.753004 1.59593 1.288412 1.957536 -0.00399502 0.00424585 26.000816 2.2101 0.226322 0.672483 0. 0.
34.859430  4.520451 4.74368 5.199139 1.971376 -0.0056912 0.00737428 22.424181 -13.4735 8.140135 0.674375 0. 0.
34.968100  5.612839 5.30867 5.199139 1.974809 -0.00649256 0.00737428 19.591973 -12.5889 8.140135 0.675200 0. 0.
35.068100  6.726563 5.82858 5.199139 1.977400 -0.00722999 0.00737428 17.155588 -11.7749 8.140135 0.676069 0. 0.
35.172055  7.994569 6.36906 5.199139 1.979656 -0.00799658 0.00737428 14.795431 -10.9287 8.140135 0.677107 0. 0.
35.478145  9.979422 -0.411514 0.117176 1.984895 -0.0092245 0.000487946 11.650479 -0.154611 0.087885 0.680968 0. 0.
35.585100  9.892735 -0.398982 0.117176 1.986609 -0.00927669 0.000487946 11.618411 -0.145211 0.087885 0.682431 0. 0.
35.685100  9.814111 -0.387264 0.117176 1.988224 -0.00932548 0.000487946 11.590248 -0.136422 0.087885 0.683803 0. 0.
35.685100  9.814111 -0.387264 0.117176 1.988224 -0.00932548 0.000487946 11.590248 -0.136422 0.087885 0.683803 0. 0.
35.802100  9.725095 -0.373555 0.117176 1.990130 -0.00938257 0.000487946 11.559528 -0.12614 0.087885 0.685412 0. 0.
35.862100  9.680690 -0.366524 0.117176 1.991114 -0.00941185 0.000487946 11.544708 -0.120867 0.087885 0.686238 0. 0.
35.944600  9.621011 -0.356857 0.117176 1.992475 -0.0094521 0.000487946 11.525363 -0.113616 0.087885 0.687376 0. 0.
35.944600  9.621011 -0.356857 0.117176 1.992475 -0.0094521 0.000487946 11.525363 -0.113616 0.087885 0.687376 0. 0.
37.023100  8.987565 -0.230483 0.117176 2.010975 -0.00997835 0.000487946 11.382517 -0.0188321 0.087885 0.702385 0. 0.
38.023100  8.643774 -0.113308 0.117176 2.029072 -0.0104663 0.000487946 11.432738 0.0690531 0.087885 0.716355 0. 0.
38.023100  8.643774 -0.113308 0.117176 2.029072 -0.0104663 0.000487946 11.432738 0.0690531 0.087885 0.716355 0. 0.
38.023100  8.643774 -0.113308 0.117176 2.029072 -0.0104663 0.000487946 11.432738 0.0690531 0.087885 0.716355 0. 0.
39.023100  8.534334 0.00386778 0.117176 2.047644 -0.0109542 0.000487946 11.658729 0.156938 0.087885 0.730157 0. 0.
39.105600  8.535769 0.0135348 0.117176 2.049182 -0.0109945 0.000487946 11.685222 0.164189 0.087885 0.731282 0. 0.
39.105600  8.535769 0.0135348 0.117176 2.049182 -0.0109945 0.000487946 11.685222 0.164189 0.087885 0.731282 0. 0.
39.188100  8.538800 0.0232017 0.117176 2.050720 -0.0110348 0.000487946 11.712912 0.171439 0.087885 0.732405 0. 0.
39.248100  8.542006 0.0302323 0.117176 2.051839 -0.011064 0.000487946 11.733801 0.176712 0.087885 0.733219 0. 0.
39.365100  8.550685 0.0439418 0.117176 2.054017 -0.0111211 0.000487946 11.776355 0.186995 0.087885 0.734803 0. 0.
39.365100  8.550685 0.0439418 0.117176 2.054017 -0.0111211 0.000487946 11.776355 0.186995 0.087885 0.734803 0. 0.
39.465100  8.560645 0.0556594 0.117176 2.055878 -0.0111699 0.000487946 11.814632 0.195784 0.087885 0.736153 0. 0.
39.572055  8.573891 0.0681919 0.117176 2.057865 -0.0112221 0.000487946 11.857518 0.205183 0.087885 0.737591 0. 0.
39.878145  6.721951 -5.6268 4.858834 2.064030 -0.0100463 -0.0080168 15.092390 11.195 8.370363 0.741380 0. 0.
39.982100  5.604591 -5.1217 4.858834 2.066725 -0.00921287 -0.0080168 17.510405 12.0652 8.370363 0.742398 0. 0.
40.082100  4.628840 -4.63581 4.858834 2.069850 -0.00841119 -0.0080168 20.007143 12.9022 8.370363 0.743248 0. 0.
40.190770  3.678671 -4.1078 4.858834 2.074042 -0.00754 -0.0080168 22.910157 13.8118 8.370363 0.744056 0. 0.
40.487430  2.132638 -1.43762 1.438015 2.091486 -0.00582991 -0.00369863 26.592780 -2.21462 0.222036 0.745907 0. 0.
40.985100  1.057873 -0.721968 1.438015 2.145236 -0.00398921 -0.00369863 24.443472 -2.10412 0.222036 0.749014 0. 0.
41.939550  1.008673 0.5714 1.315091 2.327379 0.139867 -0.295909 16.760034 -3.62286 0.842786 0.756522 0. 0.
42.894000  3.113567 1.86477 1.438015 2.416417 0.55262 -0.61516 10.612111 -3.82705 1.474384 0.767922 0. 0.
43.365000  5.189188 2.54207 1.438015 2.435109 0.84236 -0.61516  7.334106 -3.13262 1.474384 0.776423 0. 0.
43.483000  5.809140 2.71176 1.438015 2.438530 0.914949 -0.61516  6.615338 -2.95864 1.474384 0.779120 0. 0.
43.577722  6.335768 2.84797 1.438015 2.441015 0.973218 -0.61516  6.068070 -2.81898 1.474384 0.781499 0. 0.
43.790278  7.352877 1.87878 0.616062 2.445942 1.08547 -0.437808  5.131992 -1.63839 0.717915 0.787600 0. 0.
44.047000  8.358129 2.03694 0.616062 2.451155 1.19786 -0.437808  4.338084 -1.45409 0.717915 0.796263 0. 0.
44.161000  8.830558 2.10717 0.616062 2.453267 1.24777 -0.437808  4.015882 -1.37225 0.717915 0.800611 0. 0.
44.258146  9.245780 2.16702 0.616062 2.454978 1.2903 -0.437808  3.756039 -1.3025 0.717915 0.804592 0. 0.
44.469853  9.623015 -0.42013 0.122260 2.458515 1.34442 -0.0709381  3.440234 -0.218262 0.304525 0.814063 0. 0.
45.144000  9.112121 -0.337709 0.122260 2.469983 1.39224 -0.0709381  3.284351 -0.0129678 0.304525 0.846201 0. 0.
45.144000  9.112121 -0.337709 0.122260 2.469983 1.39224 -0.0709381  3.284351 -0.0129678 0.304525 0.846201 0. 0.
45.144000  9.112121 -0.337709 0.122260 2.469983 1.39224 -0.0709381  3.284351 -0.0129678 0.304525 0.846201 0. 0.
45.367450  9.011604 -0.310478 0.121665 2.473905 1.40368 -0.0010088  3.261800 -0.0161994 0.306660 0.857075 0. 0.
45.590900  8.835517 -0.283248 0.122260 2.477888 1.39269 0.0689156  3.269872 -0.0191146 0.305934 0.867973 0. 0.
46.019900  8.614990 -0.230799 0.122260 2.485717 1.36313 0.0689156  3.309776 0.112131 0.305934 0.888786 0. 0.
46.019900  8.614990 -0.230799 0.122260 2.485717 1.36313 0.0689156  3.309776 0.112131 0.305934 0.888786 0. 0.
46.089900  8.583278 -0.22224 0.122260 2.487012 1.35831 0.0689156  3.326973 0.133546 0.305934 0.892144 0. 0.
46.149900  8.557049 -0.214905 0.122260 2.488127 1.35417 0.0689156  3.344100 0.151903 0.305934 0.895007 0. 0.
46.265046  8.509179 -0.200827 0.122260 2.490274 1.34623 0.0689156  3.383139 0.18713 0.305934 0.900456 0. 0.
46.476754  7.943266 -2.41979 0.863042 2.494333 1.29249 0.436342  3.681889 1.25151 0.696999 0.910103 0. 0.
46.573900  7.481263 -2.33595 0.863042 2.496339 1.2501 0.436342  3.931626 1.31922 0.696999 0.914167 0. 0.
46.687900  6.959883 -2.23756 0.863042 2.498854 1.20036 0.436342  4.241466 1.39868 0.696999 0.918611 0. 0.
46.944622  5.867902 -2.016 0.863042 2.505249 1.08834 0.436342  5.005544 1.57761 0.696999 0.927483 0. 0.
47.157178  4.858456 -2.67514 1.678802 2.511548 0.976346 0.614211  5.909519 2.7269 1.427525 0.933742 0. 0.
47.251900  4.366729 -2.51612 1.678802 2.514821 0.918167 0.614211  6.438922 2.86212 1.427525 0.936186 0. 0.
47.369900  3.796300 -2.31802 1.678802 2.519434 0.84569 0.614211  7.134258 3.03057 1.427525 0.938957 0. 0.
47.840900  1.985148 -1.52731 1.678802 2.546876 0.556397 0.614211 10.305735 3.70293 1.427525 0.947704 0. 0.
48.795350  0.651537 -0.0173741 1.535296 2.701849 0.144709 0.295001 16.248590 3.50301 0.816753 0.959454 0. 0.
49.749800  1.922642 1.49256 1.678802 2.860664 0.00149466 0.00274973 23.679528 2.03203 0.216606 0.967201 0. 0.
50.231800  3.751497 2.30174 1.678802 2.889384 0.000169294 0.00274973 25.688725 2.13643 0.216606 0.970311 0. 0.
50.331800  4.228633 2.46962 1.678802 2.893380 -0.000105679 0.00274973 26.118178 2.15809 0.216606 0.970926 0. 0.
50.437600  4.769997 2.64724 1.678802 2.897130 -0.0003966 0.00274973 26.577255 2.18101 0.216606 0.971565 0. 0.
50.742000  6.423007 2.74783 1.331244 2.905858 -0.00122704 0.00269768 28.463728 4.05653 0.613253 0.973332 0. 0.
50.860800  7.094680 2.90598 1.331244 2.908659 -0.00154753 0.00269768 29.436215 4.12939 0.613253 0.973985 0. 0.
50.930800  7.508041 2.99917 1.331244 2.910186 -0.00173637 0.00269768 30.017334 4.17231 0.613253 0.974360 0. 0.
51.039800  8.177677 3.14428 1.331244 2.912400 -0.00203041 0.00269768 30.934184 4.23916 0.613253 0.974929 0. 0.
51.090800  8.501856 3.21217 1.331244 2.913373 -0.002168 0.00269768 31.368174 4.27043 0.613253 0.975190 0. 0.
51.218800  9.345983 3.38257 1.331244 2.915659 -0.0025133 0.00269768 32.471453 4.34893 0.613253 0.975828 0. 0.
51.278800  9.756684 3.46244 1.331244 2.916659 -0.00267516 0.00269768 32.995532 4.38573 0.613253 0.976120 0. 0.
51.398700 10.606116 3.62206 1.331244 2.918535 -0.00299861 0.00269768 34.056045 4.45926 0.613253 0.976689 0. 0.
51.800900 18.025297 16.6863 15.502195 2.923407 -0.00461567 0.00554935 27.555443 -18.9219 13.029679 0.978673 0. 0.
51.929250 22.564042 18.676 15.502195 2.924420 -0.00532793 0.00554935 22.912837 -17.2495 13.029679 0.979486 0. 0.
51.929250 22.564042 18.676 15.502195 2.924420 -0.00532793 0.00554935 22.912837 -17.2495 13.029679 0.979486 0. 0.
52.057600 27.613544 20.6657 15.502195 2.925239 -0.00604018 0.00554935 18.699525 -15.5772 13.029679 0.980473 0. 0.
52.362000 33.004488 -4.48985 0.641086 2.926776 -0.00690326 8.35413e-08 14.027626 -1.05576 0.150748 0.983593 0. 0.
52.602300 30.883687 -4.33579 0.641086 2.927974 -0.00690328 8.35413e-08 13.528932 -1.01954 0.150748 0.986370 0. 0.
52.602300 30.883687 -4.33579 0.641086 2.927974 -0.00690328 8.35413e-08 13.528932 -1.01954 0.150748 0.986370 0. 0.
52.665500 30.338204 -4.29528 0.641086 2.928302 -0.00690328 8.35413e-08 13.400665 -1.01001 0.150748 0.987117 0. 0.
52.765500 29.485559 -4.23117 0.641086 2.928835 -0.00690329 8.35413e-08 13.200170 -0.994935 0.150748 0.988313 0. 0.
52.865500 28.645737 -4.16706 0.641086 2.929382 -0.0069033 8.35413e-08 13.002691 -0.97986 0.150748 0.989528 0. 0.
52.965500 27.818736 -4.10295 0.641086 2.929946 -0.00690331 8.35413e-08 12.808226 -0.964786 0.150748 0.990762 0. 0.
53.065500 27.004557 -4.03884 0.641086 2.930527 -0.00690332 8.35413e-08 12.616776 -0.949711 0.150748 0.992014 0. 0.
53.165500 26.203199 -3.97473 0.641086 2.931125 -0.00690333 8.35413e-08 12.428342 -0.934636 0.150748 0.993285 0. 0.
53.265500 25.414663 -3.91062 0.641086 2.931742 -0.00690333 8.35413e-08 12.242922 -0.919561 0.150748 0.994575 0. 0.
53.365500 24.638949 -3.84652 0.641086 2.932378 -0.00690334 8.35413e-08 12.060517 -0.904486 0.150748 0.995885 0. 0.
53.465500 23.876057 -3.78241 0.641086 2.933034 -0.00690335 8.35413e-08 11.881127 -0.889412 0.150748 0.997214 0. 0.
53.565500 23.125986 -3.7183 0.641086 2.933711 -0.00690336 8.35413e-08 11.704753 -0.874337 0.150748 0.998564 0. 0.
53.665500 22.388737 -3.65419 0.641086 2.934411 -0.00690337 8.35413e-08 11.531393 -0.859262 0.150748 0.999934 0. 0.
53.765500 21.664310 -3.59008 0.641086 2.935133 -0.00690338 8.35413e-08 11.361048 -0.844187 0.150748 1.001324 0. 0.
53.865500 20.952705 -3.52597 0.641086 2.935880 -0.00690338 8.35413e-08 11.193718 -0.829113 0.150748 1.002736 0. 0.
53.965500 20.253921 -3.46186 0.641086 2.936653 -0.00690339 8.35413e-08 11.029403 -0.814038 0.150748 1.004168 0. 0.
54.065500 19.567959 -3.39776 0.641086 2.937452 -0.0069034 8.35413e-08 10.868103 -0.798963 0.150748 1.005622 0. 0.
54.165500 18.894819 -3.33365 0.641086 2.938280 -0.00690341 8.35413e-08 10.709818 -0.783888 0.150748 1.007097 0. 0.
54.265500 18.234500 -3.26954 0.641086 2.939138 -0.00690342 8.35413e-08 10.554547 -0.768813 0.150748 1.008594 0. 0.
54.365500 17.587003 -3.20543 0.641086 2.940026 -0.00690343 8.35413e-08 10.402292 -0.753739 0.150748 1.010113 0. 0.
54.465500 16.952328 -3.14132 0.641086 2.940948 -0.00690343 8.35413e-08 10.253052 -0.738664 0.150748 1.011654 0. 0.
54.565500 16.330475 -3.07721 0.641086 2.941905 -0.00690344 8.35413e-08 10.106827 -0.723589 0.150748 1.013217 0. 0.
54.665500 15.721443 -3.0131 0.641086 2.942898 -0.00690345 8.35413e-08  9.963616 -0.708514 0.150748 1.014803 0. 0.
54.765500 15.125233 -2.949 0.641086 2.943930 -0.00690346 8.35413e-08  9.823421 -0.69344 0.150748 1.016412 0. 0.
54.865500 14.541845 -2.88489 0.641086 2.945003 -0.00690347 8.35413e-08  9.686240 -0.678365 0.150748 1.018044 0. 0.
54.965500 13.971278 -2.82078 0.641086 2.946120 -0.00690348 8.35413e-08  9.552075 -0.66329 0.150748 1.019698 0. 0.
55.065500 13.413533 -2.75667 0.641086 2.947282 -0.00690348 8.35413e-08  9.420924 -0.648215 0.150748 1.021376 0. 0.
55.165500 12.868610 -2.69256 0.641086 2.948494 -0.00690349 8.35413e-08  9.292789 -0.633141 0.150748 1.023077 0. 0.
55.265500 12.336509 -2.62845 0.641086 2.949757 -0.0069035 8.35413e-08  9.167668 -0.618066 0.150748 1.024802 0. 0.
55.365500 11.817229 -2.56434 0.641086 2.951075 -0.00690351 8.35413e-08  9.045562 -0.602991 0.150748 1.026549 0. 0.
55.465500 11.310771 -2.50024 0.641086 2.952452 -0.00690352 8.35413e-08  8.926472 -0.587916 0.150748 1.028321 0. 0.
55.565500 10.817135 -2.43613 0.641086 2.953891 -0.00690353 8.35413e-08  8.810396 -0.572841 0.150748 1.030115 0. 0.
55.665500 10.336321 -2.37202 0.641086 2.955396 -0.00690353 8.35413e-08  8.697335 -0.557767 0.150748 1.031933 0. 0.
55.765500  9.868328 -2.30791 0.641086 2.956972 -0.00690354 8.35413e-08  8.587289 -0.542692 0.150748 1.033775 0. 0.
55.865500  9.413157 -2.2438 0.641086 2.958623 -0.00690355 8.35413e-08  8.480258 -0.527617 0.150748 1.035640 0. 0.
55.965500  8.970807 -2.17969 0.641086 2.960355 -0.00690356 8.35413e-08  8.376243 -0.512542 0.150748 1.037529 0. 0.
56.065500  8.541280 -2.11558 0.641086 2.962173 -0.00690357 8.35413e-08  8.275242 -0.497468 0.150748 1.039440 0. 0.
56.165500  8.124574 -2.05148 0.641086 2.964084 -0.00690358 8.35413e-08  8.177256 -0.482393 0.150748 1.041375 0. 0.
56.265500  7.720690 -1.98737 0.641086 2.966093 -0.00690358 8.35413e-08  8.082284 -0.467318 0.150748 1.043333 0. 0.
56.365500  7.329627 -1.92326 0.641086 2.968209 -0.00690359 8.35413e-08  7.990328 -0.452243 0.150748 1.045313 0. 0.
56.465500  6.951386 -1.85915 0.641086 2.970439 -0.0069036 8.35413e-08  7.901387 -0.437168 0.150748 1.047316 0. 0.
56.565500  6.585967 -1.79504 0.641086 2.972791 -0.00690361 8.35413e-08  7.815461 -0.422094 0.150748 1.049342 0. 0.
56.665500  6.233370 -1.73093 0.641086 2.975275 -0.00690362 8.35413e-08  7.732550 -0.407019 0.150748 1.051389 0. 0.
56.765500  5.893595 -1.66682 0.641086 2.977901 -0.00690363 8.35413e-08  7.652653 -0.391944 0.150748 1.053458 0. 0.
56.865500  5.566641 -1.60272 0.641086 2.980680 -0.00690363 8.35413e-08  7.575772 -0.376869 0.150748 1.055549 0. 0.
56.965500  5.252509 -1.53861 0.641086 2.983624 -0.00690364 8.35413e-08  7.501906 -0.361795 0.150748 1.057660 0. 0.
57.065500  4.951198 -1.4745 0.641086 2.986745 -0.00690365 8.35413e-08  7.431054 -0.34672 0.150748 1.059791 0. 0.
57.165500  4.662709 -1.41039 0.641086 2.990057 -0.00690366 8.35413e-08  7.363218 -0.331645 0.150748 1.061943 0. 0.
57.265500  4.387042 -1.34628 0.641086 2.993577 -0.00690367 8.35413e-08  7.298396 -0.31657 0.150748 1.064114 0. 0.
57.365500  4.124197 -1.28217 0.641086 2.997319 -0.00690368 8.35413e-08  7.236590 -0.301495 0.150748 1.066304 0. 0.
57.465500  3.874174 -1.21806 0.641086 3.001301 -0.00690368 8.35413e-08  7.177798 -0.286421 0.150748 1.068513 0. 0.
57.565500  3.636972 -1.15395 0.641086 3.005541 -0.00690369 8.35413e-08  7.122021 -0.271346 0.150748 1.070739 0. 0.
57.665500  3.412592 -1.08985 0.641086 3.010059 -0.0069037 8.35413e-08  7.069260 -0.256271 0.150748 1.072982 0. 0.
57.765500  3.201033 -1.02574 0.641086 3.014875 -0.00690371 8.35413e-08  7.019513 -0.241196 0.150748 1.075241 0. 0.
57.865500  3.002297 -0.961629 0.641086 3.020010 -0.00690372 8.35413e-08  6.972781 -0.226122 0.150748 1.077516 0. 0.
57.965500  2.816382 -0.89752 0.641086 3.025485 -0.00690373 8.35413e-08  6.929064 -0.211047 0.150748 1.079806 0. 0.
58.065500  2.643288 -0.833412 0.641086 3.031319 -0.00690374 8.35413e-08  6.888362 -0.195972 0.150748 1.082110 0. 0.
58.165500  2.483017 -0.769303 0.641086 3.037533 -0.00690374 8.35413e-08  6.850675 -0.180897 0.150748 1.084427 0. 0.
58.265500  2.335567 -0.705195 0.641086 3.044144 -0.00690375 8.35413e-08  6.816003 -0.165823 0.150748 1.086756 0. 0.
58.365500  2.200939 -0.641086 0.641086 3.051166 -0.00690376 8.35413e-08  6.784346 -0.150748 0.150748 1.089096 0. 0.
58.465500  2.079133 -0.576977 0.641086 3.058609 -0.00690377 8.35413e-08  6.755704 -0.135673 0.150748 1.091447 0. 0.
58.565500  1.970148 -0.512869 0.641086 3.066476 -0.00690378 8.35413e-08  6.730077 -0.120598 0.150748 1.093808 0. 0.
58.665500  1.873985 -0.44876 0.641086 3.074762 -0.00690379 8.35413e-08  6.707465 -0.105523 0.150748 1.096177 0. 0.
58.765500  1.790644 -0.384652 0.641086 3.083455 -0.00690379 8.35413e-08  6.687868 -0.0904486 0.150748 1.098553 0. 0.
58.865500  1.720125 -0.320543 0.641086 3.092528 -0.0069038 8.35413e-08  6.671286 -0.0753739 0.150748 1.100936 0. 0.
58.965500  1.662427 -0.256434 0.641086 3.101946 -0.00690381 8.35413e-08  6.657718 -0.0602991 0.150748 1.103324 0. 0.
59.065500  1.617551 -0.192326 0.641086 3.111657 -0.00690382 8.35413e-08  6.647166 -0.0452243 0.150748 1.105717 0. 0.
59.165500  1.585497 -0.128217 0.641086 3.121602 -0.00690383 8.35413e-08  6.639629 -0.0301495 0.150748 1.108112 0. 0.
59.265500  1.566264 -0.0641086 0.641086 3.131708 -0.00690384 8.35413e-08  6.635106 -0.0150748 0.150748 1.110510 0. 0.
59.365500  1.559853 -3.67514e-09 0.641086 3.141897 -0.00690384 8.35413e-08  6.633599 -5.1983e-15 0.150748 1.112909 0. 0.
59.465500  1.566264 -0.0641086 0.641086 3.152087 -0.00690384 8.35413e-08  6.635106 -0.0150748 0.150748 1.115308 0. 0.
59.565500  1.585497 -0.128217 0.641086 3.162193 -0.00690383 8.35413e-08  6.639629 -0.0301495 0.150748 1.117706 0. 0.
59.665500  1.617551 -0.192326 0.641086 3.172138 -0.00690382 8.35413e-08  6.647166 -0.0452243 0.150748 1.120102 0. 0.
59.765500  1.662427 -0.256434 0.641086 3.181849 -0.00690381 8.35413e-08  6.657718 -0.0602991 0.150748 1.122495 0. 0.
59.865500  1.720125 -0.320543 0.641086 3.191267 -0.0069038 8.35413e-08  6.671286 -0.0753739 0.150748 1.124883 0. 0.
59.965500  1.790644 -0.384652 0.641086 3.200340 -0.00690379 8.35413e-08  6.687868 -0.0904486 0.150748 1.127266 0. 0.
60.065500  1.873985 -0.44876 0.641086 3.209033 -0.00690379 8.35413e-08  6.707465 -0.105523 0.150748 1.129642 0. 0.
60.165500  1.970148 -0.512869 0.641086 3.217319 -0.00690378 8.35413e-08  6.730077 -0.120598 0.150748 1.132011 0. 0.
60.265500  2.079133 -0.576977 0.641086 3.225186 -0.00690377 8.35413e-08  6.755704 -0.135673 0.150748 1.134371 0. 0.
60.365500  2.200939 -0.641086 0.641086 3.232629 -0.00690376 8.35413e-08  6.784346 -0.150748 0.150748 1.136722 0. 0.
60.465500  2.335567 -0.705195 0.641086 3.239651 -0.00690375 8.35413e-08  6.816003 -0.165823 0.150748 1.139063 0. 0.
60.565500  2.483017 -0.769303 0.641086 3.246262 -0.00690374 8.35413e-08  6.850675 -0.180897 0.150748 1.141392 0. 0.
60.665500  2.643288 -0.833412 0.641086 3.252476 -0.00690374 8.35413e-08  6.888362 -0.195972 0.150748 1.143709 0. 0.
60.765500  2.816382 -0.89752 0.641086 3.258310 -0.00690373 8.35413e-08  6.929064 -0.211047 0.150748 1.146013 0. 0.
60.865500  3.002297 -0.961629 0.641086 3.263785 -0.00690372 8.35413e-08  6.972781 -0.226122 0.150748 1.148302 0. 0.
60.965500  3.201033 -1.02574 0.641086 3.268919 -0.00690371 8.35413e-08  7.019513 -0.241196 0.150748 1.150577 0. 0.
61.065500  3.412592 -1.08985 0.641086 3.273736 -0.0069037 8.35413e-08  7.069260 -0.256271 0.150748 1.152837 0. 0.
61.165500  3.636972 -1.15395 0.641086 3.278254 -0.00690369 8.35413e-08  7.122021 -0.271346 0.150748 1.155080 0. 0.
61.265500  3.874174 -1.21806 0.641086 3.282494 -0.00690368 8.35413e-08  7.177798 -0.286421 0.150748 1.157306 0. 0.
61.365500  4.124197 -1.28217 0.641086 3.286476 -0.00690368 8.35413e-08  7.236590 -0.301495 0.150748 1.159514 0. 0.
61.465500  4.387042 -1.34628 0.641086 3.290218 -0.00690367 8.35413e-08  7.298396 -0.31657 0.150748 1.161704 0. 0.
61.565500  4.662709 -1.41039 0.641086 3.293738 -0.00690366 8.35413e-08  7.363218 -0.331645 0.150748 1.163876 0. 0.
61.665500  4.951198 -1.4745 0.641086 3.297050 -0.00690365 8.35413e-08  7.431054 -0.34672 0.150748 1.166027 0. 0.
61.765500  5.252509 -1.53861 0.641086 3.300171 -0.00690364 8.35413e-08  7.501906 -0.361795 0.150748 1.168159 0. 0.
61.865500  5.566641 -1.60272 0.641086 3.303115 -0.00690363 8.35413e-08  7.575772 -0.376869 0.150748 1.170270 0. 0.
61.965500  5.893595 -1.66682 0.641086 3.305894 -0.00690363 8.35413e-08  7.652653 -0.391944 0.150748 1.172360 0. 0.
62.065500  6.233370 -1.73093 0.641086 3.308520 -0.00690362 8.35413e-08  7.732550 -0.407019 0.150748 1.174429 0. 0.
62.165500  6.585967 -1.79504 0.641086 3.311004 -0.00690361 8.35413e-08  7.815461 -0.422094 0.150748 1.176477 0. 0.
62.265500  6.951386 -1.85915 0.641086 3.313356 -0.0069036 8.35413e-08  7.901387 -0.437168 0.150748 1.178502 0. 0.
62.365500  7.329627 -1.92326 0.641086 3.315586 -0.00690359 8.35413e-08  7.990328 -0.452243 0.150748 1.180505 0. 0.
62.465500  7.720690 -1.98737 0.641086 3.317701 -0.00690358 8.35413e-08  8.082284 -0.467318 0.150748 1.182486 0. 0.
62.565500  8.124574 -2.05148 0.641086 3.319711 -0.00690358 8.35413e-08  8.177256 -0.482393 0.150748 1.184444 0. 0.
62.665500  8.541280 -2.11558 0.641086 3.321622 -0.00690357 8.35413e-08  8.275242 -0.497468 0.150748 1.186378 0. 0.
62.765500  8.970807 -2.17969 0.641086 3.323440 -0.00690356 8.35413e-08  8.376243 -0.512542 0.150748 1.188290 0. 0.
62.865500  9.413157 -2.2438 0.641086 3.325172 -0.00690355 8.35413e-08  8.480258 -0.527617 0.150748 1.190178 0. 0.
62.965500  9.868328 -2.30791 0.641086 3.326823 -0.00690354 8.35413e-08  8.587289 -0.542692 0.150748 1.192044 0. 0.
63.065500 10.336321 -2.37202 0.641086 3.328399 -0.00690353 8.35413e-08  8.697335 -0.557767 0.150748 1.193885 0. 0.
63.165500 10.817135 -2.43613 0.641086 3.329904 -0.00690353 8.35413e-08  8.810396 -0.572841 0.150748 1.195703 0. 0.
63.265500 11.310771 -2.50024 0.641086 3.331343 -0.00690352 8.35413e-08  8.926472 -0.587916 0.150748 1.197498 0. 0.
63.365500 11.817229 -2.56434 0.641086 3.332720 -0.00690351 8.35413e-08  9.045562 -0.602991 0.150748 1.199269 0. 0.
63.465500 12.336509 -2.62845 0.641086 3.334038 -0.0069035 8.35413e-08  9.167668 -0.618066 0.150748 1.201017 0. 0.
63.565500 12.868610 -2.69256 0.641086 3.335301 -0.00690349 8.35413e-08  9.292789 -0.633141 0.150748 1.202741 0. 0.
63.665500 13.413533 -2.75667 0.641086 3.336513 -0.00690348 8.35413e-08  9.420924 -0.648215 0.150748 1.204442 0. 0.
63.765500 13.971278 -2.82078 0.641086 3.337675 -0.00690348 8.35413e-08  9.552075 -0.66329 0.150748 1.206120 0. 0.
63.865500 14.541845 -2.88489 0.641086 3.338792 -0.00690347 8.35413e-08  9.686240 -0.678365 0.150748 1.207775 0. 0.
63.965500 15.125233 -2.949 0.641086 3.339865 -0.00690346 8.35413e-08  9.823421 -0.69344 0.150748 1.209406 0. 0.
64.065500 15.721443 -3.0131 0.641086 3.340897 -0.00690345 8.35413e-08  9.963616 -0.708514 0.150748 1.211015 0. 0.
64.165500 16.330475 -3.07721 0.641086 3.341890 -0.00690344 8.35413e-08 10.106827 -0.723589 0.150748 1.212601 0. 0.
64.265500 16.952328 -3.14132 0.641086 3.342847 -0.00690343 8.35413e-08 10.253052 -0.738664 0.150748 1.214165 0. 0.
64.365500 17.587003 -3.20543 0.641086 3.343769 -0.00690343 8.35413e-08 10.402292 -0.753739 0.150748 1.215706 0. 0.
64.465500 18.234500 -3.26954 0.641086 3.344657 -0.00690342 8.35413e-08 10.554547 -0.768813 0.150748 1.217225 0. 0.
64.565500 18.894819 -3.33365 0.641086 3.345515 -0.00690341 8.35413e-08 10.709818 -0.783888 0.150748 1.218722 0. 0.
64.665500 19.567959 -3.39776 0.641086 3.346343 -0.0069034 8.35413e-08 10.868103 -0.798963 0.150748 1.220197 0. 0.
64.765500 20.253921 -3.46186 0.641086 3.347142 -0.00690339 8.35413e-08 11.029403 -0.814038 0.150748 1.221651 0. 0.
64.865500 20.952705 -3.52597 0.641086 3.347915 -0.00690338 8.35413e-08 11.193718 -0.829113 0.150748 1.223083 0. 0.
64.965500 21.664310 -3.59008 0.641086 3.348662 -0.00690338 8.35413e-08 11.361048 -0.844187 0.150748 1.224494 0. 0.
65.065500 22.388737 -3.65419 0.641086 3.349384 -0.00690337 8.35413e-08 11.531393 -0.859262 0.150748 1.225885 0. 0.
65.165500 23.125986 -3.7183 0.641086 3.350084 -0.00690336 8.35413e-08 11.704753 -0.874337 0.150748 1.227255 0. 0.
65.265500 23.876057 -3.78241 0.641086 3.350761 -0.00690335 8.35413e-08 11.881127 -0.889412 0.150748 1.228605 0. 0.
65.365500 24.638949 -3.84652 0.641086 3.351417 -0.00690334 8.35413e-08 12.060517 -0.904486 0.150748 1.229934 0. 0.
65.465500 25.414663 -3.91062 0.641086 3.352053 -0.00690333 8.35413e-08 12.242922 -0.919561 0.150748 1.231244 0. 0.
65.565500 26.203199 -3.97473 0.641086 3.352670 -0.00690333 8.35413e-08 12.428342 -0.934636 0.150748 1.232534 0. 0.
65.665500 27.004557 -4.03884 0.641086 3.353268 -0.00690332 8.35413e-08 12.616776 -0.949711 0.150748 1.233805 0. 0.
65.765500 27.818736 -4.10295 0.641086 3.353849 -0.00690331 8.35413e-08 12.808226 -0.964786 0.150748 1.235057 0. 0.
65.865500 28.645737 -4.16706 0.641086 3.354413 -0.0069033 8.35413e-08 13.002691 -0.97986 0.150748 1.236290 0. 0.
65.965500 29.485559 -4.23117 0.641086 3.354960 -0.00690329 8.35413e-08 13.200170 -0.994935 0.150748 1.237505 0. 0.
66.065500 30.338204 -4.29528 0.641086 3.355492 -0.00690328 8.35413e-08 13.400665 -1.01001 0.150748 1.238702 0. 0.
66.128700 30.883687 -4.33579 0.641086 3.355821 -0.00690328 8.35413e-08 13.528932 -1.01954 0.150748 1.239449 0. 0.
66.128700 30.883687 -4.33579 0.641086 3.355821 -0.00690328 8.35413e-08 13.528932 -1.01954 0.150748 1.239449 0. 0.
66.369000 33.004488 -4.48985 0.641086 3.357019 -0.00690326 8.35413e-08 14.027626 -1.05576 0.150748 1.242225 0. 0.
66.673400 27.613544 20.6657 15.502195 3.358556 -0.00604018 0.00554935 18.699525 -15.5772 13.029679 1.245346 0. 0.
66.801750 22.564042 18.676 15.502195 3.359375 -0.00532793 0.00554935 22.912837 -17.2495 13.029679 1.246333 0. 0.
66.801750 22.564042 18.676 15.502195 3.359375 -0.00532793 0.00554935 22.912837 -17.2495 13.029679 1.246333 0. 0.
66.930100 18.025297 16.6863 15.502195 3.360388 -0.00461567 0.00554935 27.555443 -18.9219 13.029679 1.247146 0. 0.
67.332300 10.606116 3.62206 1.331244 3.365260 -0.00299861 0.00269768 34.056045 4.45926 0.613253 1.249129 0. 0.
67.452200  9.756684 3.46244 1.331244 3.367136 -0.00267516 0.00269768 32.995532 4.38573 0.613253 1.249699 0. 0.
67.512200  9.345983 3.38257 1.331244 3.368136 -0.0025133 0.00269768 32.471453 4.34893 0.613253 1.249990 0. 0.
67.640200  8.501856 3.21217 1.331244 3.370422 -0.002168 0.00269768 31.368174 4.27043 0.613253 1.250629 0. 0.
67.691200  8.177677 3.14428 1.331244 3.371395 -0.00203041 0.00269768 30.934184 4.23916 0.613253 1.250889 0. 0.
67.800200  7.508041 2.99917 1.331244 3.373609 -0.00173637 0.00269768 30.017334 4.17231 0.613253 1.251458 0. 0.
67.870200  7.094680 2.90598 1.331244 3.375136 -0.00154753 0.00269768 29.436215 4.12939 0.613253 1.251833 0. 0.
67.989000  6.423007 2.74783 1.331244 3.377937 -0.00122704 0.00269768 28.463728 4.05653 0.613253 1.252486 0. 0.
68.293400  4.769997 2.64724 1.678802 3.386665 -0.0003966 0.00274973 26.577255 2.18101 0.216606 1.254254 0. 0.
68.399200  4.228633 2.46962 1.678802 3.390415 -0.000105679 0.00274973 26.118178 2.15809 0.216606 1.254893 0. 0.
68.499200  3.751497 2.30174 1.678802 3.394411 0.000169294 0.00274973 25.688725 2.13643 0.216606 1.255507 0. 0.
68.981200  1.922642 1.49256 1.678802 3.423131 0.00149466 0.00274973 23.679528 2.03203 0.216606 1.258618 0. 0.
69.935650  0.651537 -0.0173741 1.535296 3.581946 0.144709 0.295001 16.248590 3.50301 0.816753 1.266365 0. 0.
70.890100  1.985148 -1.52731 1.678802 3.736919 0.556397 0.614211 10.305735 3.70293 1.427525 1.278115 0. 0.
71.361100  3.796300 -2.31802 1.678802 3.764361 0.84569 0.614211  7.134258 3.03057 1.427525 1.286861 0. 0.
71.479100  4.366729 -2.51612 1.678802 3.768974 0.918167 0.614211  6.438922 2.86212 1.427525 1.289632 0. 0.
71.573822  4.858456 -2.67514 1.678802 3.772247 0.976346 0.614211  5.909519 2.7269 1.427525 1.292076 0. 0.
71.786378  5.867902 -2.016 0.863042 3.778546 1.08834 0.436342  5.005544 1.57761 0.696999 1.298336 0. 0.
72.043100  6.959883 -2.23756 0.863042 3.784941 1.20036 0.436342  4.241466 1.39868 0.696999 1.307208 0. 0.
72.157100  7.481263 -2.33595 0.863042 3.787456 1.2501 0.436342  3.931626 1.31922 0.696999 1.311652 0. 0.
72.254246  7.943266 -2.41979 0.863042 3.789462 1.29249 0.436342  3.681889 1.25151 0.696999 1.315716 0. 0.
72.465953  8.509179 -0.200827 0.122260 3.793520 1.34623 0.0689156  3.383139 0.18713 0.305934 1.325362 0. 0.
72.581100  8.557049 -0.214905 0.122260 3.795668 1.35417 0.0689156  3.344100 0.151903 0.305934 1.330812 0. 0.
72.641100  8.583278 -0.22224 0.122260 3.796782 1.35831 0.0689156  3.326973 0.133546 0.305934 1.333675 0. 0.
72.711100  8.614990 -0.230799 0.122260 3.798078 1.36313 0.0689156  3.309776 0.112131 0.305934 1.337032 0. 0.
72.711100  8.614990 -0.230799 0.122260 3.798078 1.36313 0.0689156  3.309776 0.112131 0.305934 1.337032 0. 0.
73.140100  8.835517 -0.283248 0.122260 3.805907 1.39269 0.0689156  3.269872 -0.0191146 0.305934 1.357846 0. 0.
73.363550  9.011604 -0.310478 0.121665 3.809890 1.40368 -0.0010088  3.261800 -0.0161994 0.306660 1.368744 0. 0.
73.587000  9.112121 -0.337709 0.122260 3.813812 1.39224 -0.0709381  3.284351 -0.0129678 0.304525 1.379618 0. 0.
73.587000  9.112121 -0.337709 0.122260 3.813812 1.39224 -0.0709381  3.284351 -0.0129678 0.304525 1.379618 0. 0.
73.587000  9.112121 -0.337709 0.122260 3.813812 1.39224 -0.0709381  3.284351 -0.0129678 0.304525 1.379618 0. 0.
74.261146  9.623015 -0.42013 0.122260 3.825279 1.34442 -0.0709381  3.440234 -0.218262 0.304525 1.411755 0. 0.
74.472853  9.245780 2.16702 0.616062 3.828817 1.2903 -0.437808  3.756039 -1.3025 0.717915 1.421226 0. 0.
74.570000  8.830558 2.10717 0.616062 3.830528 1.24777 -0.437808  4.015882 -1.37225 0.717915 1.425208 0. 0.
74.684000  8.358129 2.03694 0.616062 3.832640 1.19786 -0.437808  4.338084 -1.45409 0.717915 1.429555 0. 0.
74.940722  7.352877 1.87878 0.616062 3.837853 1.08547 -0.437808  5.131992 -1.63839 0.717915 1.438219 0. 0.
75.153278  6.335768 2.84797 1.438015 3.842780 0.973218 -0.61516  6.068070 -2.81898 1.474384 1.444320 0. 0.
75.248000  5.809140 2.71176 1.438015 3.845265 0.914949 -0.61516  6.615338 -2.95864 1.474384 1.446699 0. 0.
75.366000  5.189188 2.54207 1.438015 3.848686 0.84236 -0.61516  7.334106 -3.13262 1.474384 1.449395 0. 0.
75.837000  3.113567 1.86477 1.438015 3.867378 0.55262 -0.61516 10.612111 -3.82705 1.474384 1.457896 0. 0.
76.791450  1.008673 0.5714 1.315091 3.956416 0.139867 -0.295909 16.760034 -3.62286 0.842786 1.469296 0. 0.
77.745900  1.057873 -0.721968 1.438015 4.138559 -0.00398921 -0.00369863 24.443472 -2.10412 0.222036 1.476804 0. 0.
78.243570  2.132638 -1.43762 1.438015 4.192309 -0.00582991 -0.00369863 26.592780 -2.21462 0.222036 1.479911 0. 0.
78.540230  3.678671 -4.1078 4.858834 4.209753 -0.00754 -0.0080168 22.910157 13.8118 8.370363 1.481763 0. 0.
78.648900  4.628840 -4.63581 4.858834 4.213945 -0.00841119 -0.0080168 20.007143 12.9022 8.370363 1.482570 0. 0.
78.748900  5.604591 -5.1217 4.858834 4.217070 -0.00921287 -0.0080168 17.510405 12.0652 8.370363 1.483421 0. 0.
78.852855  6.721951 -5.6268 4.858834 4.219765 -0.0100463 -0.0080168 15.092390 11.195 8.370363 1.484439 0. 0.
79.158945  8.573891 0.0681919 0.117176 4.225930 -0.0112221 0.000487946 11.857518 0.205183 0.087885 1.488228 0. 0.
79.265900  8.560645 0.0556594 0.117176 4.227917 -0.0111699 0.000487946 11.814632 0.195784 0.087885 1.489666 0. 0.
79.365900  8.550685 0.0439418 0.117176 4.229777 -0.0111211 0.000487946 11.776355 0.186995 0.087885 1.491015 0. 0.
79.365900  8.550685 0.0439418 0.117176 4.229777 -0.0111211 0.000487946 11.776355 0.186995 0.087885 1.491015 0. 0.
79.482900  8.542006 0.0302323 0.117176 4.231956 -0.011064 0.000487946 11.733801 0.176712 0.087885 1.492599 0. 0.
79.542900  8.538800 0.0232017 0.117176 4.233075 -0.0110348 0.000487946 11.712912 0.171439 0.087885 1.493414 0. 0.
79.625400  8.535769 0.0135348 0.117176 4.234613 -0.0109945 0.000487946 11.685222 0.164189 0.087885 1.494536 0. 0.
79.625400  8.535769 0.0135348 0.117176 4.234613 -0.0109945 0.000487946 11.685222 0.164189 0.087885 1.494536 0. 0.
79.707900  8.534334 0.00386778 0.117176 4.236151 -0.0109542 0.000487946 11.658729 0.156938 0.087885 1.495661 0. 0.
80.707900  8.643774 -0.113308 0.117176 4.254723 -0.0104663 0.000487946 11.432738 0.0690531 0.087885 1.509464 0. 0.
80.707900  8.643774 -0.113308 0.117176 4.254723 -0.0104663 0.000487946 11.432738 0.0690531 0.087885 1.509464 0. 0.
80.707900  8.643774 -0.113308 0.117176 4.254723 -0.0104663 0.000487946 11.432738 0.0690531 0.087885 1.509464 0. 0.
81.707900  8.987565 -0.230483 0.117176 4.272819 -0.00997835 0.000487946 11.382517 -0.0188321 0.087885 1.523434 0. 0.
82.786400  9.621011 -0.356857 0.117176 4.291320 -0.0094521 0.000487946 11.525363 -0.113616 0.087885 1.538442 0. 0.
82.786400  9.621011 -0.356857 0.117176 4.291320 -0.0094521 0.000487946 11.525363 -0.113616 0.087885 1.538442 0. 0.
82.868900  9.680690 -0.366524 0.117176 4.292681 -0.00941185 0.000487946 11.544708 -0.120867 0.087885 1.539580 0. 0.
82.928900  9.725095 -0.373555 0.117176 4.293665 -0.00938257 0.000487946 11.559528 -0.12614 0.087885 1.540407 0. 0.
83.045900  9.814111 -0.387264 0.117176 4.295571 -0.00932548 0.000487946 11.590248 -0.136422 0.087885 1.542016 0. 0.
83.045900  9.814111 -0.387264 0.117176 4.295571 -0.00932548 0.000487946 11.590248 -0.136422 0.087885 1.542016 0. 0.
83.145900  9.892735 -0.398982 0.117176 4.297186 -0.00927669 0.000487946 11.618411 -0.145211 0.087885 1.543387 0. 0.
83.252855  9.979422 -0.411514 0.117176 4.298900 -0.0092245 0.000487946 11.650479 -0.154611 0.087885 1.544851 0. 0.
83.558945  7.994569 6.36906 5.199139 4.304139 -0.00799658 0.00737428 14.795431 -10.9287 8.140135 1.548712 0. 0.
83.662900  6.726563 5.82858 5.199139 4.306395 -0.00722999 0.00737428 17.155588 -11.7749 8.140135 1.549750 0. 0.
83.762900  5.612839 5.30867 5.199139 4.308986 -0.00649256 0.00737428 19.591973 -12.5889 8.140135 1.550618 0. 0.
83.871570  4.520451 4.74368 5.199139 4.312419 -0.0056912 0.00737428 22.424181 -13.4735 8.140135 1.551443 0. 0.
84.168230  2.753004 1.59593 1.288412 4.326259 -0.00399502 0.00424585 26.000816 2.2101 0.226322 1.553336 0. 0.
84.665900  1.483616 0.95473 1.288412 4.365859 -0.00188198 0.00424585 23.857068 2.09747 0.226322 1.556516 0. 0.
85.620350  0.884045 -0.204083 1.178277 4.519214 0.142597 0.296457 16.290644 3.56265 0.840511 1.564225 0. 0.
86.574800  2.217836 -1.3629 1.288412 4.636427 0.555757 0.615759 10.255589 3.73513 1.457856 1.575988 0. 0.
87.045800  3.787507 -1.96974 1.288412 4.662407 0.84578 0.615759  7.060512 3.04848 1.457856 1.584802 0. 0.
87.163800  4.270306 -2.12177 1.288412 4.667077 0.918439 0.615759  6.361371 2.87645 1.457856 1.587604 0. 0.
87.258522  4.683822 -2.24381 1.288412 4.670448 0.976765 0.615759  5.829525 2.73836 1.457856 1.590080 0. 0.
87.471078  5.503210 -1.56408 0.626243 4.677073 1.08908 0.43779  4.918991 1.59739 0.722028 1.596437 0. 0.
87.727800  6.347551 -1.72485 0.626243 4.683988 1.20147 0.43779  4.146407 1.41203 0.722028 1.605489 0. 0.
87.841800  6.748955 -1.79624 0.626243 4.686760 1.25137 0.43779  3.833848 1.32972 0.722028 1.610041 0. 0.
87.938947  7.103863 -1.85708 0.626243 4.688993 1.2939 0.43779  3.582308 1.25957 0.722028 1.614213 0. 0.
88.150654  7.478612 0.121701 0.135695 4.693572 1.34791 0.0699326  3.275193 0.219342 0.320015 1.624153 0. 0.
88.265800  7.452385 0.106076 0.135695 4.696027 1.35596 0.0699326  3.228923 0.182493 0.320015 1.629789 0. 0.
88.325800  7.440144 0.0979345 0.135695 4.697309 1.36016 0.0699326  3.208176 0.163292 0.320015 1.632757 0. 0.
88.395800  7.427098 0.0884359 0.135695 4.698808 1.36506 0.0699326  3.186883 0.140891 0.320015 1.636241 0. 0.
88.395800  7.427098 0.0884359 0.135695 4.698808 1.36506 0.0699326  3.186883 0.140891 0.320015 1.636241 0. 0.
88.824800  7.376194 0.0302227 0.135695 4.708038 1.39506 0.0699326  3.124895 0.00360485 0.320015 1.657944 0. 0.
89.048250  7.405497 7.29309e-09 0.135035 4.712846 1.40628 -5.826e-08  3.108834 -7.28331e-15 0.321664 1.669364 0. 0.
89.271700  7.376194 -0.0302226 0.135695 4.717655 1.39506 -0.0699327  3.124895 -0.00360485 0.320015 1.680784 0. 0.
89.271700  7.376194 -0.0302226 0.135695 4.717655 1.39506 -0.0699327  3.124895 -0.00360485 0.320015 1.680784 0. 0.
89.271700  7.376194 -0.0302226 0.135695 4.717655 1.39506 -0.0699327  3.124895 -0.00360485 0.320015 1.680784 0. 0.
89.945847  7.478612 -0.121701 0.135695 4.732121 1.34791 -0.0699327  3.275193 -0.219342 0.320015 1.714575 0. 0.
90.157554  7.103863 1.85708 0.626243 4.736699 1.2939 -0.43779  3.582308 -1.25957 0.722028 1.724515 0. 0.
90.254700  6.748955 1.79624 0.626243 4.738932 1.25137 -0.43779  3.833848 -1.32972 0.722028 1.728687 0. 0.
90.368700  6.347551 1.72485 0.626243 4.741704 1.20147 -0.43779  4.146407 -1.41203 0.722028 1.733239 0. 0.
90.625422  5.503210 1.56408 0.626243 4.748620 1.08908 -0.43779  4.918991 -1.59739 0.722028 1.742291 0. 0.
90.837978  4.683822 2.24381 1.288412 4.755244 0.976765 -0.615759  5.829525 -2.73836 1.457856 1.748648 0. 0.
90.932700  4.270305 2.12177 1.288412 4.758615 0.918439 -0.615759  6.361371 -2.87645 1.457856 1.751124 0. 0.
91.050700  3.787507 1.96974 1.288412 4.763286 0.845779 -0.615759  7.060512 -3.04848 1.457856 1.753926 0. 0.
91.521700  2.217836 1.3629 1.288412 4.789265 0.555757 -0.615759 10.255589 -3.73513 1.457856 1.762740 0. 0.
92.476150  0.884045 0.204083 1.178277 4.906478 0.142597 -0.296457 16.290644 -3.56265 0.840511 1.774503 0. 0.
93.430600  1.483616 -0.95473 1.288412 5.059834 -0.0018823 -0.00424591 23.857068 -2.09747 0.226322 1.782212 0. 0.
93.928270  2.753004 -1.59593 1.288412 5.099433 -0.00399536 -0.00424591 26.000816 -2.2101 0.226322 1.785392 0. 0.
94.224930  4.520451 -4.74368 5.199139 5.113273 -0.00569159 -0.00737457 22.424181 13.4735 8.140135 1.787285 0. 0.
94.333600  5.612839 -5.30867 5.199139 5.116707 -0.00649299 -0.00737457 19.591973 12.5889 8.140135 1.788110 0. 0.
94.433600  6.726564 -5.82858 5.199139 5.119297 -0.00723044 -0.00737457 17.155588 11.7749 8.140135 1.788978 0. 0.
94.537555  7.994569 -6.36906 5.199139 5.121553 -0.00799707 -0.00737457 14.795431 10.9287 8.140135 1.790016 0. 0.
94.843645  9.979422 0.411514 0.117176 5.126793 -0.00922501 -0.000487839 11.650479 0.154611 0.087885 1.793877 0. 0.
94.950600  9.892735 0.398982 0.117176 5.128506 -0.00927719 -0.000487839 11.618411 0.145211 0.087885 1.795341 0. 0.
95.050600  9.814111 0.387264 0.117176 5.130121 -0.00932597 -0.000487839 11.590248 0.136422 0.087885 1.796712 0. 0.
95.050600  9.814111 0.387264 0.117176 5.130121 -0.00932597 -0.000487839 11.590248 0.136422 0.087885 1.796712 0. 0.
95.167600  9.725095 0.373555 0.117176 5.132028 -0.00938305 -0.000487839 11.559528 0.12614 0.087885 1.798321 0. 0.
95.227600  9.680690 0.366524 0.117176 5.133012 -0.00941232 -0.000487839 11.544708 0.120867 0.087885 1.799148 0. 0.
95.310100  9.621011 0.356857 0.117176 5.134372 -0.00945257 -0.000487839 11.525363 0.113616 0.087885 1.800286 0. 0.
95.310100  9.621011 0.356857 0.117176 5.134372 -0.00945257 -0.000487839 11.525363 0.113616 0.087885 1.800286 0. 0.
95.540600  9.462726 0.329848 0.117176 5.138217 -0.00956502 -0.000487839 11.477655 0.0933588 0.087885 1.803476 0. 0.
96.890600  8.785688 0.171661 0.117176 5.161869 -0.0102236 -0.000487839 11.385757 -0.0252863 0.087885 1.822315 0. 0.
96.890600  8.785688 0.171661 0.117176 5.161869 -0.0102236 -0.000487839 11.385757 -0.0252863 0.087885 1.822315 0. 0.
98.240600  8.535756 0.0134742 0.117176 5.186782 -0.0108822 -0.000487839 11.614201 -0.143931 0.087885 1.841042 0. 0.
98.471100  8.535769 -0.0135347 0.117176 5.191080 -0.0109946 -0.000487839 11.685222 -0.164189 0.087885 1.844192 0. 0.
98.471100  8.535769 -0.0135347 0.117176 5.191080 -0.0109946 -0.000487839 11.685222 -0.164189 0.087885 1.844192 0. 0.
98.553600  8.538800 -0.0232017 0.117176 5.192618 -0.0110349 -0.000487839 11.712912 -0.171439 0.087885 1.845314 0. 0.
98.613600  8.542006 -0.0302323 0.117176 5.193736 -0.0110641 -0.000487839 11.733801 -0.176712 0.087885 1.846128 0. 0.
98.730600  8.550685 -0.0439418 0.117176 5.195915 -0.0111212 -0.000487839 11.776355 -0.186995 0.087885 1.847713 0. 0.
98.730600  8.550685 -0.0439418 0.117176 5.195915 -0.0111212 -0.000487839 11.776355 -0.186995 0.087885 1.847713 0. 0.
98.830600  8.560645 -0.0556593 0.117176 5.197775 -0.01117 -0.000487839 11.814632 -0.195784 0.087885 1.849062 0. 0.
98.937555  8.573891 -0.0681918 0.117176 5.199762 -0.0112222 -0.000487839 11.857518 -0.205183 0.087885 1.850500 0. 0.
99.243645  6.721951 5.6268 4.858834 5.205927 -0.0100463 0.00801696 15.092390 -11.195 8.370363 1.854289 0. 0.
99.347600  5.604591 5.1217 4.858834 5.208623 -0.00921289 0.00801696 17.510405 -12.0652 8.370363 1.855307 0. 0.
99.447600  4.628840 4.63581 4.858834 5.211748 -0.00841119 0.00801696 20.007143 -12.9022 8.370363 1.856157 0. 0.
99.556270  3.678671 4.1078 4.858834 5.215940 -0.00753999 0.00801696 22.910157 -13.8118 8.370363 1.856965 0. 0.
99.852930  2.132638 1.43762 1.438015 5.233384 -0.00582985 0.00369881 26.592780 2.21462 0.222036 1.858817 0. 0.
100.350600  1.057873 0.721968 1.438015 5.287133 -0.00398907 0.00369881 24.443472 2.10412 0.222036 1.861924 0. 0.
101.305050  1.008673 -0.5714 1.315091 5.469277 0.139879 0.295933 16.760034 3.62286 0.842786 1.869431 0. 0.
102.259500  3.113567 -1.86477 1.438015 5.558314 0.552666 0.615212 10.612111 3.82705 1.474384 1.880832 0. 0.
102.730500  5.189188 -2.54207 1.438015 5.577006 0.842431 0.615212  7.334106 3.13262 1.474384 1.889333 0. 0.
102.848500  5.809140 -2.71176 1.438015 5.580427 0.915026 0.615212  6.615338 2.95864 1.474384 1.892029 0. 0.
102.943222  6.335769 -2.84797 1.438015 5.582912 0.9733 0.615212  6.068070 2.81898 1.474384 1.894408 0. 0.
103.155778  7.352877 -1.87878 0.616062 5.587839 1.08556 0.437844  5.131992 1.63839 0.717915 1.900509 0. 0.
103.412500  8.358129 -2.03694 0.616062 5.593052 1.19796 0.437844  4.338084 1.45409 0.717915 1.909173 0. 0.
103.526500  8.830558 -2.10717 0.616062 5.595164 1.24788 0.437844  4.015882 1.37225 0.717915 1.913520 0. 0.
103.623647  9.245780 -2.16702 0.616062 5.596875 1.29041 0.437844  3.756039 1.3025 0.717915 1.917502 0. 0.
103.835353  9.623016 0.42013 0.122260 5.600413 1.34453 0.0709439  3.440234 0.218262 0.304525 1.926973 0. 0.
103.950500  9.527884 0.406052 0.122260 5.602327 1.3527 0.0709439  3.394007 0.183197 0.304525 1.932337 0. 0.
104.010500  9.479598 0.398716 0.122260 5.603332 1.35696 0.0709439  3.373120 0.164926 0.304525 1.935159 0. 0.
104.080500  9.424376 0.390158 0.122260 5.604510 1.36193 0.0709439  3.351522 0.143609 0.304525 1.938473 0. 0.
104.080500  9.424376 0.390158 0.122260 5.604510 1.36193 0.0709439  3.351522 0.143609 0.304525 1.938473 0. 0.
104.509500  9.112121 0.337709 0.122260 5.611881 1.39236 0.0709439  3.284351 0.0129678 0.304525 1.959110 0. 0.
104.732950  9.011604 0.310478 0.121665 5.615803 1.4038 0.00100873  3.261800 0.0161994 0.306660 1.969984 0. 0.
104.956400  8.835517 0.283248 0.122260 5.619785 1.39281 -0.0689215  3.269872 0.0191146 0.305934 1.980882 0. 0.
104.956400  8.835517 0.283248 0.122260 5.619785 1.39281 -0.0689215  3.269872 0.0191146 0.305934 1.980882 0. 0.
104.956400  8.835517 0.283248 0.122260 5.619785 1.39281 -0.0689215  3.269872 0.0191146 0.305934 1.980882 0. 0.
105.630546  8.509179 0.200827 0.122260 5.632172 1.34635 -0.0689215  3.383139 -0.18713 0.305934 2.013366 0. 0.
105.842253  7.943266 2.41979 0.863042 5.636231 1.2926 -0.436379  3.681889 -1.25151 0.696999 2.023012 0. 0.
105.939400  7.481263 2.33595 0.863042 5.638237 1.2502 -0.436379  3.931626 -1.31922 0.696999 2.027076 0. 0.
106.053400  6.959883 2.23756 0.863042 5.640751 1.20046 -0.436379  4.241466 -1.39868 0.696999 2.031520 0. 0.
106.310122  5.867902 2.016 0.863042 5.647146 1.08843 -0.436379  5.005544 -1.57761 0.696999 2.040392 0. 0.
106.522678  4.858456 2.67514 1.678802 5.653445 0.976428 -0.614263  5.909519 -2.7269 1.427525 2.046652 0. 0.
106.617400  4.366729 2.51612 1.678802 5.656719 0.918244 -0.614263  6.438922 -2.86212 1.427525 2.049096 0. 0.
106.735400  3.796300 2.31802 1.678802 5.661332 0.845761 -0.614263  7.134258 -3.03057 1.427525 2.051867 0. 0.
107.206400  1.985148 1.52731 1.678802 5.688774 0.556443 -0.614263 10.305735 -3.70293 1.427525 2.060613 0. 0.
108.160850  0.651537 0.0173741 1.535296 5.843746 0.144721 -0.295026 16.248590 -3.50301 0.816753 2.072363 0. 0.
109.115300  1.922642 -1.49256 1.678802 6.002562 0.00149438 -0.00274998 23.679528 -2.03203 0.216606 2.080110 0. 0.
109.597300  3.751497 -2.30174 1.678802 6.031281 0.00016889 -0.00274998 25.688725 -2.13643 0.216606 2.083221 0. 0.
109.697300  4.228633 -2.46962 1.678802 6.035278 -0.000106108 -0.00274998 26.118178 -2.15809 0.216606 2.083835 0. 0.
109.803100  4.769997 -2.64724 1.678802 6.039027 -0.000397055 -0.00274998 26.577255 -2.18101 0.216606 2.084474 0. 0.
110.107500  6.423007 -2.74783 1.331244 6.047756 -0.00122757 -0.0026979 28.463728 -4.05653 0.613253 2.086241 0. 0.
110.226300  7.094680 -2.90598 1.331244 6.050557 -0.00154808 -0.0026979 29.436215 -4.12939 0.613253 2.086895 0. 0.
110.296300  7.508041 -2.99917 1.331244 6.052083 -0.00173693 -0.0026979 30.017334 -4.17231 0.613253 2.087269 0. 0.
110.405300  8.177677 -3.14428 1.331244 6.054297 -0.00203101 -0.0026979 30.934184 -4.23916 0.613253 2.087839 0. 0.
110.456300  8.501856 -3.21217 1.331244 6.055271 -0.0021686 -0.0026979 31.368174 -4.27043 0.613253 2.088099 0. 0.
110.584300  9.345983 -3.38257 1.331244 6.057556 -0.00251393 -0.0026979 32.471453 -4.34893 0.613253 2.088738 0. 0.
110.644300  9.756684 -3.46244 1.331244 6.058556 -0.0026758 -0.0026979 32.995532 -4.38573 0.613253 2.089029 0. 0.
110.764200 10.606116 -3.62206 1.331244 6.060432 -0.00299928 -0.0026979 34.056045 -4.45926 0.613253 2.089599 0. 0.
111.166400 18.025297 -16.6863 15.502195 6.065305 -0.00461654 -0.00555014 27.555443 18.9219 13.029679 2.091582 0. 0.
111.294750 22.564042 -18.676 15.502195 6.066318 -0.0053289 -0.00555014 22.912837 17.2495 13.029679 2.092395 0. 0.
111.294750 22.564042 -18.676 15.502195 6.066318 -0.0053289 -0.00555014 22.912837 17.2495 13.029679 2.092395 0. 0.
111.423100 27.613545 -20.6657 15.502195 6.067136 -0.00604126 -0.00555014 18.699525 15.5772 13.029679 2.093382 0. 0.
111.727500 33.004489 4.48985 0.641086 6.068673 -0.00690443 8.35413e-08 14.027626 1.05576 0.150748 2.096503 0. 0.
112.339300 27.750671 4.09763 0.641086 6.071891 -0.00690438 8.35413e-08 12.792221 0.963534 0.150748 2.103774 0. 0.
112.439300 26.937556 4.03352 0.641086 6.072473 -0.00690437 8.35413e-08 12.601022 0.94846 0.150748 2.105028 0. 0.
112.539300 26.137263 3.96941 0.641086 6.073073 -0.00690436 8.35413e-08 12.412837 0.933385 0.150748 2.106300 0. 0.
112.639300 25.349791 3.9053 0.641086 6.073691 -0.00690435 8.35413e-08 12.227668 0.91831 0.150748 2.107592 0. 0.
112.739300 24.575142 3.8412 0.641086 6.074329 -0.00690434 8.35413e-08 12.045513 0.903235 0.150748 2.108903 0. 0.
112.839300 23.813313 3.77709 0.641086 6.074987 -0.00690434 8.35413e-08 11.866374 0.88816 0.150748 2.110235 0. 0.
112.939300 23.064307 3.71298 0.641086 6.075666 -0.00690433 8.35413e-08 11.690249 0.873086 0.150748 2.111586 0. 0.
113.039300 22.328122 3.64887 0.641086 6.076367 -0.00690432 8.35413e-08 11.517139 0.858011 0.150748 2.112958 0. 0.
113.139300 21.604759 3.58476 0.641086 6.077092 -0.00690431 8.35413e-08 11.347045 0.842936 0.150748 2.114350 0. 0.
113.239300 20.894218 3.52065 0.641086 6.077841 -0.0069043 8.35413e-08 11.179965 0.827861 0.150748 2.115763 0. 0.
113.339300 20.196499 3.45654 0.641086 6.078616 -0.00690429 8.35413e-08 11.015900 0.812787 0.150748 2.117197 0. 0.
113.439300 19.511601 3.39243 0.641086 6.079418 -0.00690429 8.35413e-08 10.854850 0.797712 0.150748 2.118653 0. 0.
113.539300 18.839525 3.32833 0.641086 6.080248 -0.00690428 8.35413e-08 10.696815 0.782637 0.150748 2.120130 0. 0.
113.639300 18.180270 3.26422 0.641086 6.081108 -0.00690427 8.35413e-08 10.541795 0.767562 0.150748 2.121628 0. 0.
113.739300 17.533838 3.20011 0.641086 6.081999 -0.00690426 8.35413e-08 10.389790 0.752487 0.150748 2.123149 0. 0.
113.839300 16.900227 3.136 0.641086 6.082924 -0.00690425 8.35413e-08 10.240800 0.737413 0.150748 2.124692 0. 0.
113.939300 16.279437 3.07189 0.641086 6.083883 -0.00690424 8.35413e-08 10.094825 0.722338 0.150748 2.126258 0. 0.
114.039300 15.671470 3.00778 0.641086 6.084880 -0.00690424 8.35413e-08  9.951865 0.707263 0.150748 2.127845 0. 0.
114.139300 15.076324 2.94367 0.641086 6.085915 -0.00690423 8.35413e-08  9.811920 0.692188 0.150748 2.129456 0. 0.
114.239300 14.494000 2.87957 0.641086 6.086992 -0.00690422 8.35413e-08  9.674990 0.677114 0.150748 2.131090 0. 0.
114.339300 13.924498 2.81546 0.641086 6.088112 -0.00690421 8.35413e-08  9.541075 0.662039 0.150748 2.132746 0. 0.
114.439300 13.367817 2.75135 0.641086 6.089279 -0.0069042 8.35413e-08  9.410174 0.646964 0.150748 2.134426 0. 0.
114.539300 12.823958 2.68724 0.641086 6.090494 -0.00690419 8.35413e-08  9.282289 0.631889 0.150748 2.136129 0. 0.
114.639300 12.292921 2.62313 0.641086 6.091762 -0.00690419 8.35413e-08  9.157419 0.616815 0.150748 2.137855 0. 0.
114.739300 11.774705 2.55902 0.641086 6.093085 -0.00690418 8.35413e-08  9.035563 0.60174 0.150748 2.139605 0. 0.
114.839300 11.269312 2.49491 0.641086 6.094466 -0.00690417 8.35413e-08  8.916723 0.586665 0.150748 2.141378 0. 0.
114.939300 10.776740 2.43081 0.641086 6.095910 -0.00690416 8.35413e-08  8.800897 0.57159 0.150748 2.143175 0. 0.
115.039300 10.296989 2.3667 0.641086 6.097421 -0.00690415 8.35413e-08  8.688087 0.556515 0.150748 2.144995 0. 0.
115.139300  9.830061 2.30259 0.641086 6.099003 -0.00690414 8.35413e-08  8.578291 0.541441 0.150748 2.146838 0. 0.
115.239300  9.375954 2.23848 0.641086 6.100661 -0.00690414 8.35413e-08  8.471510 0.526366 0.150748 2.148705 0. 0.
115.339300  8.934669 2.17437 0.641086 6.102400 -0.00690413 8.35413e-08  8.367745 0.511291 0.150748 2.150596 0. 0.
115.439300  8.506205 2.11026 0.641086 6.104226 -0.00690412 8.35413e-08  8.266994 0.496216 0.150748 2.152509 0. 0.
115.539300  8.090564 2.04615 0.641086 6.106144 -0.00690411 8.35413e-08  8.169258 0.481142 0.150748 2.154446 0. 0.
115.639300  7.687744 1.98205 0.641086 6.108162 -0.0069041 8.35413e-08  8.074537 0.466067 0.150748 2.156406 0. 0.
115.739300  7.297745 1.91794 0.641086 6.110287 -0.00690409 8.35413e-08  7.982831 0.450992 0.150748 2.158388 0. 0.
115.839300  6.920569 1.85383 0.641086 6.112527 -0.00690409 8.35413e-08  7.894141 0.435917 0.150748 2.160393 0. 0.
115.939300  6.556214 1.78972 0.641086 6.114890 -0.00690408 8.35413e-08  7.808465 0.420842 0.150748 2.162420 0. 0.
116.039300  6.204681 1.72561 0.641086 6.117385 -0.00690407 8.35413e-08  7.725804 0.405768 0.150748 2.164469 0. 0.
116.139300  5.865969 1.6615 0.641086 6.120023 -0.00690406 8.35413e-08  7.646158 0.390693 0.150748 2.166540 0. 0.
116.239300  5.540080 1.59739 0.641086 6.122815 -0.00690405 8.35413e-08  7.569526 0.375618 0.150748 2.168632 0. 0.
116.339300  5.227012 1.53329 0.641086 6.125773 -0.00690404 8.35413e-08  7.495910 0.360543 0.150748 2.170745 0. 0.
116.439300  4.926766 1.46918 0.641086 6.128910 -0.00690404 8.35413e-08  7.425309 0.345469 0.150748 2.172879 0. 0.
116.539300  4.639341 1.40507 0.641086 6.132239 -0.00690403 8.35413e-08  7.357723 0.330394 0.150748 2.175032 0. 0.
116.639300  4.364738 1.34096 0.641086 6.135776 -0.00690402 8.35413e-08  7.293152 0.315319 0.150748 2.177205 0. 0.
116.739300  4.102957 1.27685 0.641086 6.139537 -0.00690401 8.35413e-08  7.231595 0.300244 0.150748 2.179396 0. 0.
116.839300  3.853998 1.21274 0.641086 6.143540 -0.006904 8.35413e-08  7.173054 0.285169 0.150748 2.181606 0. 0.
116.939300  3.617860 1.14863 0.641086 6.147803 -0.00690399 8.35413e-08  7.117527 0.270095 0.150748 2.183834 0. 0.
117.039300  3.394544 1.08453 0.641086 6.152345 -0.00690398 8.35413e-08  7.065016 0.25502 0.150748 2.186078 0. 0.
117.139300  3.184050 1.02042 0.641086 6.157187 -0.00690398 8.35413e-08  7.015519 0.239945 0.150748 2.188339 0. 0.
117.239300  2.986378 0.956308 0.641086 6.162349 -0.00690397 8.35413e-08  6.969038 0.22487 0.150748 2.190615 0. 0.
117.339300  2.801527 0.892199 0.641086 6.167852 -0.00690396 8.35413e-08  6.925571 0.209796 0.150748 2.192906 0. 0.
117.439300  2.629498 0.828091 0.641086 6.173718 -0.00690395 8.35413e-08  6.885120 0.194721 0.150748 2.195211 0. 0.
117.539300  2.470291 0.763982 0.641086 6.179964 -0.00690394 8.35413e-08  6.847683 0.179646 0.150748 2.197529 0. 0.
117.639300  2.323905 0.699874 0.641086 6.186608 -0.00690393 8.35413e-08  6.813261 0.164571 0.150748 2.199859 0. 0.
117.739300  2.190341 0.635765 0.641086 6.193665 -0.00690393 8.35413e-08  6.781854 0.149497 0.150748 2.202200 0. 0.
117.839300  2.069599 0.571656 0.641086 6.201143 -0.00690392 8.35413e-08  6.753463 0.134422 0.150748 2.204552 0. 0.
117.939300  1.961679 0.507548 0.641086 6.209045 -0.00690391 8.35413e-08  6.728086 0.119347 0.150748 2.206913 0. 0.
118.039300  1.866580 0.443439 0.641086 6.217366 -0.0069039 8.35413e-08  6.705724 0.104272 0.150748 2.209283 0. 0.
118.139300  1.784303 0.379331 0.641086 6.226091 -0.00690389 8.35413e-08  6.686377 0.0891974 0.150748 2.211660 0. 0.
118.239300  1.714848 0.315222 0.641086 6.235195 -0.00690388 8.35413e-08  6.670045 0.0741227 0.150748 2.214043 0. 0.
118.339300  1.658214 0.251113 0.641086 6.244639 -0.00690388 8.35413e-08  6.656728 0.0590479 0.150748 2.216432 0. 0.
118.439300  1.614402 0.187005 0.641086 6.254372 -0.00690387 8.35413e-08  6.646426 0.0439731 0.150748 2.218825 0. 0.
118.539300  1.583412 0.122896 0.641086 6.264333 -0.00690386 8.35413e-08  6.639138 0.0288983 0.150748 2.221221 0. 0.
118.639300  1.565244 0.0587876 0.641086 6.274449 -0.00690385 8.35413e-08  6.634866 0.0138236 0.150748 2.223619 0. 0.
118.731000  1.559853 1.28381e-08 0.641086 6.283795 -0.00690384 8.35413e-08  6.633599 1.33865e-16 0.150748 2.225819 0. 0.
118.731000  1.559853 1.28381e-08 0.641086 6.283795 -0.00690384 8.35413e-08  6.633599 1.33865e-16 0.150748 2.225819 0. 0.
118.731000  1.559853 1.28381e-08 0.641086 6.283795 -0.00690384 8.35413e-08  6.633599 1.33865e-16 0.150748 2.225819 0. 0.
118.731000  1.559853 1.28381e-08 0.641086 6.283795 -0.00690384 8.35413e-08  6.633599 1.33865e-16 0.150748 2.225819 0. 0.
